# intensity: 0.970244510434469
# background: 0
#           Q (1/A)             dQ (1/A)                    R                   dR               theory              fresnel
  0.0079921268598835 9.39384290070213e-05     1.01116455332903   0.0859055266217906    0.970244510434468    0.970244510434469
  0.0081120087627818 9.53475054421277e-05      1.0075652220981   0.0791813569675222    0.970244510434468    0.970244510434469
  0.0082336888942235 9.67777180237447e-05     1.02829933513587   0.0776369225001791    0.970244510434468    0.970244510434469
  0.0083571942276368 9.82293837941277e-05     1.01781069304376   0.0746328959872007    0.970244510434468    0.970244510434469
  0.0084825521410514 9.97028245510213e-05     1.07042993825908   0.0721963423175999    0.970244510434469    0.970244510434469
  0.0086097904231672 0.000101198366919277     1.08837161932902   0.0687954244254926     0.97024451043447    0.970244510434469
  0.0087389372795147 0.000102716342423064    0.933897632040936   0.0608661512178597    0.970244510434469    0.970244510434469
  0.0088700213387074 0.000104257087559404    0.923119021205332   0.0577250804213582    0.970244510434469    0.970244510434469
   0.009003071658788 0.000105820943872808     1.03833923642376   0.0583498182979332    0.970244510434468    0.970244510434469
  0.0091381177336698 0.000107408258030894    0.964523119234387   0.0533354096333828    0.970244510434468    0.970244510434469
  0.0092751894996749 0.000109019381901362    0.993532148601386   0.0528990787269748    0.970244510434469    0.970244510434469
    0.00941431734217 0.000110654672629872     1.08277200850833    0.049787685307277    0.970244510434469    0.970244510434468
  0.0095555321023025 0.000112314492719319    0.991261820011126   0.0522983820271801    0.970244510434469    0.970244510434468
  0.0096988650838371 0.000113937492409319     1.05710760409759   0.0509766201902806    0.970244510434469    0.970244510434468
  0.0098443480600946 0.000115646554795447    0.952684200590123    0.082252080619644    0.970244510434468    0.970244510434469
   0.009992013280996 0.000117381253117362    0.962499257404639   0.0788148130532075    0.970244510434468    0.970244510434469
   0.010141893480211 0.000119141971914128    0.883506125479361   0.0730841709831718    0.970244510434468    0.970244510434469
  0.0102940218824141 0.000120929101492851    0.916450177022163   0.0688853476938891    0.970244510434468    0.970244510434469
  0.0104484322106503 0.000122743038015234    0.947201375040878   0.0683402327471389    0.970244510434468    0.970244510434469
  0.0106051586938101 0.000124584183585489     1.08650276837962   0.0687170658325518    0.970244510434469    0.970244510434469
  0.0107642360742173 0.000126452946339234    0.991783235877884   0.0641052737306728    0.970244510434469    0.970244510434469
  0.0109256996153305  0.00012834974053434     1.07694477800242   0.0635634576069764    0.970244510434468    0.970244510434469
  0.0110895851095605  0.00013027498664234    0.908923632413427   0.0558275804441451    0.970244510434468    0.970244510434468
  0.0112559288862039    0.000132229111442     1.00585141170323   0.0555390768564601    0.970244510434468    0.970244510434468
  0.0114247678194969 0.000134212548113617    0.842625442779678    0.051207209792027    0.970244510434468    0.970244510434468
  0.0115961393367894 0.000136225736335319    0.877080831771053   0.0480601857189574    0.970244510434469    0.970244510434468
  0.0117700814268412  0.00013826912238034    0.803374516828428   0.0593792419393619    0.970244510434469    0.970244510434468
  0.0119466326482438 0.000140115588902511    0.819908094843247   0.0560013174223446    0.970244510434469    0.970244510434469
  0.0121258321379675 0.000142217322736043    0.954774546082247    0.110014341113471    0.970244510434468    0.970244510434468
   0.012307719620037 0.000144350582577064     1.12867468936673     0.12045086452865    0.970244510434467    0.970244510434469
  0.0124923354143376 0.000146515841315745     1.14264517142876    0.117786532170128    0.970244510434462    0.970244510434469
  0.0126797204455526 0.000148713578935447      1.0423248922655    0.106502040941641    0.970244510434457    0.970244510434469
  0.0128699162522359 0.000150944282619489    0.953179244296012   0.0986612780951367    0.970244510434462    0.970244510434468
  0.0130629649960195 0.000153208446858809    0.985166695947368   0.0974183079546683    0.970244510434467    0.970244510434468
  0.0132589094709597  0.00015550657356166    0.869359899645482   0.0866517805118752    0.970244510434468    0.970244510434469
  0.0134577931130241 0.000157839172165106    0.988026950239647   0.0935036782974301    0.970244510434469    0.970244510434469
  0.0136596600097195 0.000160206759747574     1.03908378645812   0.0941400484225749    0.970233495462542    0.970101552026461
  0.0138645549098653 0.000162609861143787     1.03478710238001    0.091661128098284    0.969852805823062    0.965377139913426
  0.0140725232335133 0.000165049009060936     1.03099018972313   0.0885230743478749    0.966035108976006    0.922633830771152
   0.014283611082016 0.000167524744196851     1.05576660185725   0.0885791440292604    0.950443203838618    0.774687439130077
  0.0144978652482462  0.00017003761535983    0.870688306952052   0.0757286519711651    0.921107392599971    0.549908215082885
  0.0147153332269699 0.000172588179590213    0.895868992302312   0.0748875906626226     0.88953132017905    0.385797556900629
  0.0149360632253744 0.000175177002284043    0.796218634258826   0.0673238458953931    0.858350594152256    0.298531925517764
  0.0151601041737551  0.00017780465731834     0.94194749983829   0.0750869397441816    0.823568023772908    0.244427515328398
  0.0153875057363614 0.000180471727178085    0.787143364021194   0.0639062936560353    0.782597109780822    0.205568111156975
  0.0156183183224068 0.000183178803085787    0.717513723886472    0.040479011562616    0.733820479254954    0.175848658802803
  0.0158525930972429 0.000185926485132043    0.724419091719424   0.0394419291663317    0.676261812432057     0.15228306041528
  0.0160903819937015 0.000189352788396213    0.644756092339227   0.0491774321150187     0.60986865734457    0.133139429000718
  0.0163317377236071  0.00019219308022217    0.526734068149698    0.041656944720136    0.535905833365559    0.117268346889756
  0.0165767137894612 0.000195075976425489    0.459034465986057   0.0362837857193039    0.457203395662845    0.103931639158031
  0.0168253644963031 0.000198002116071872    0.345679492109991   0.0290271910448828    0.377965781088337   0.0925928866264304
  0.0170777449637476 0.000200972147812979    0.314549541111283   0.0268556318488012    0.303008873512953   0.0828593301976216
  0.0173339111382038  0.00020398673003017    0.191819065197683   0.0186554313599724    0.236625312315543   0.0744356093576164
  0.0175939198052769 0.000207046530980596    0.188605961576841   0.0182624125309017    0.181566399209215   0.0670946917971102
   0.017857828602356 0.000210152228945319     0.14746954788756    0.015723571405072     0.13860589839227   0.0606588418067613
  0.0181256960313914 0.000213304512379489    0.117913688134999   0.0133434371393534    0.106800496599453   0.0549867340075603
  0.0183975814718623 0.000216504080065191   0.0851568815660977    0.010228660651489   0.0841859308518498    0.049964478039908
  0.0186735451939402  0.00021975164126617   0.0917897294263401   0.0106804622002918   0.0685232866845776   0.0454992148383752
  0.0189536483718493 0.000223047915885149   0.0663659171135743   0.0084486267901639   0.0578343618191157   0.0415144516231263
   0.019237953097427 0.000226393634623447   0.0373226025992716   0.0066799393209844   0.0506579874440946    0.037946601192213
  0.0195265223938884 0.000229789539142809   0.0431546610962775   0.0063261143084871   0.0460831401775897   0.0347423731504186
  0.0198194202297968 0.000233236382229915   0.0411975947915761   0.0059840036704124   0.0436490601790879   0.0318567791436738
  0.0201167115332437 0.000236734927963362   0.0328237071637037   0.0054952872452211   0.0431879391285602    0.029251588018168
  0.0204184622062424 0.000240285951882851   0.0456935742059229   0.0060147521220894   0.0446605648365996    0.026894115607449
   0.020724739139336 0.000243890241161064    0.048876253102497   0.0061169413454084   0.0480159363945403   0.0247562667544721
   0.021035610226426 0.000247548594778511   0.0573100735889188   0.0066761605845657   0.0530930556389934   0.0228137697869415
  0.0213511443798224  0.00025126182370017   0.0703932095056604   0.0071899418752282   0.0595729307587713   0.0210455594676899
  0.0216714115455197  0.00025503075105566   0.0736772414434158    0.007412683921897   0.0669790220571889   0.0194332756577877
  0.0219964827187025 0.000258856212321489   0.0657401489635479   0.0067383995710635   0.0747156902438662   0.0179608530026222
  0.0223264299594831  0.00026273905550634    0.080355410877202   0.0075743490321648   0.0821289058551831   0.0166141828364016
  0.0226613264088753 0.000266680141338936   0.0850241137606944   0.0043743826443069   0.0885729613021596   0.0153808328421195
  0.0230012463050085 0.000270680343459021   0.0892754959158273   0.0043653060909525   0.0934706112873246   0.0142498132420178
  0.0233462649995836 0.000274740548610894   0.0934095013000849    0.004326695377274   0.0963597930203471   0.0132113807330835
  0.0236964589745773 0.000278861656840043   0.0985868062556318   0.0045377581870766   0.0969254144857172   0.0122568732373576
   0.024051905859196 0.000283044581692638   0.0967608948635459   0.0044519573331522   0.0950180500826812   0.0113785699602088
  0.0244126844470839 0.000286633019494766   0.0929053871162912   0.0040275407174776   0.0906648039477849   0.0105691839159379
  0.0247788747137902 0.000290932514787191   0.0846647780461409   0.0036828546386688   0.0840579817714176   0.0098233454162743
   0.025150557834497 0.000295296502509021   0.0746922793736634   0.0032718737898454   0.0755650735865446  0.00913508706141713
  0.0255278162020145 0.000299725950046638   0.0639225543256779   0.0028635377472008   0.0656959082790187  0.00849942280703385
  0.0259107334450447 0.000304221839297362   0.0557406741031401   0.0025397307522636   0.0550735219378555   0.0079118600138592
  0.0262993944467204 0.000308785166886808   0.0422793456324225     0.00203605775501   0.0443863082194993  0.00736834325042777
  0.0266938853634212 0.000313416944390128   0.0383103661322728   0.0018697014813045   0.0343263733332552   0.0068652054311857
  0.0270942936438725 0.000318118198555957   0.0273780857441409    0.001422272298162   0.0255199394666343  0.00639912520487703
  0.0275007080485306 0.000322889971534298   0.0186212049811534   0.0010764567428599   0.0184600024582223  0.00596708968762774
  0.0279132186692585 0.000327733321107319   0.0141460290686415   0.0008968388317298   0.0134536140771114  0.00556636178186711
  0.0283319169492974 0.000332649320923915   0.0102748216978181   0.0007666645187415   0.0105945772155665  0.00519445144268925
  0.0287568957035369 0.000337639060737787    0.009092815880281   0.0006919130410781  0.00976699061799014  0.00484909035260016
  0.0291882491390899 0.000342703646648851   0.0112000081322622   0.0007718539527115   0.0106777430455622  0.00452820954785895
  0.0296260728761763 0.000347844201348596    0.013331460788733   0.0008665652564923   0.0129095054097332  0.00422991960802222
  0.0300704639693189 0.000353061864368809   0.0155002449814769   0.0009482480880474    0.015982307460095  0.00395249307738686
  0.0305215209288587  0.00035835779233434   0.0203682474213559   0.0011161486454032   0.0194121504165382  0.00369434883484254
  0.0309793437427915 0.000363733159219362   0.0234326635475689   0.0012284625848675   0.0227583872947659  0.00345403816884522
  0.0314440338989334  0.00036918915660766   0.0245927103198248   0.0012657687391341   0.0256560339063055   0.0032302323481209
  0.0319156944074174 0.000374726993956766   0.0303915164293585   0.0014837681261899   0.0278331249234787  0.00302171150739765
  0.0323944298235287 0.000380347898866128   0.0273891234300719   0.0013786334319716   0.0291157894409451  0.00282735469180685
  0.0328803462708816 0.000386053117349106   0.0294898411471924   0.0014970323335285   0.0294247388539896  0.00264613092432235
  0.0333735514649448 0.000391843914109362   0.0292436910750492   0.0014545214475309   0.0287666653276835  0.00247709117829637
   0.033874154736919 0.000397721572820979   0.0257095299087217   0.0013159104133157   0.0272231292319488   0.0023193611522976
  0.0343822670579728 0.000403687396413319   0.0244625589807708   0.0012744306128469   0.0249383174284787  0.00217213475745512
  0.0348980010638424 0.000409742707359489   0.0227544749188744   0.0011971571641465   0.0221059296093613  0.00203466823869684
     0.0354214710798 0.000415888847969872   0.0190167923780477   0.0010396606760293   0.0189546570200664  0.00190627486091975
   0.035952793145997 0.000422127180689447   0.0156858865264531   0.0009000048397057   0.0157314452746849  0.00178632009947077
  0.0364920850431869 0.000428459088399787   0.0134159477237769   0.0008190651249113   0.0126820800339338   0.0016742172815466
  0.0370394663188347 0.000434885974725787    0.010996311952663    0.000723498298353   0.0100295599830436  0.00156942363139916
  0.0375950583136173 0.000441409264346681   0.0073910985267929   0.0005698627043761  0.00795199342283192  0.00147143667769857
  0.0381589841883215 0.000448030403311872   0.0060700104729798   0.0004995899583662  0.00656295384463444  0.00137979098617139
  0.0387313689511463 0.000454750859361532   0.0061705887618105   0.0004949966811364   0.0058978540111815  0.00129405518479708
  0.0393123394854135 0.000461572122251957   0.0058831310206214   0.0004885509698976  0.00590955618482288  0.00121382925249321
  0.0399020245776947 0.000468495704085745   0.0072122452329098   0.0005376169120372  0.00647505076800301  0.00113874204541859
  0.0405005549463601 0.000475523139647021   0.0079365814201051   0.0005761022296481  0.00741293150984968  0.00106844903783577
  0.0411080632705555 0.000482655986741745   0.0080160323877303    0.000574874602945  0.00850919379400395  0.00100263025694944
  0.0417246842196139 0.000489895826542851   0.0099288169375834   0.0006529197190061  0.00954723796399432 0.000940988393320483
  0.0423505544829081 0.000497244263941021   0.0104996348661467   0.0006747651597177   0.0103372856964886 0.000883247070383481
  0.0429858128001517 0.000504702927900128   0.0100198133898118   0.0006546410526618    0.010740755805114 0.000829149258301738
   0.043630599992154 0.000512273471818638   0.0108864765785541   0.0006896008420015   0.0106862339075728 0.000778455818905909
  0.0442850589920363 0.000519957573895915   0.0105983955471811   0.0006934634386271   0.0101751329109899 0.000730944169803841
  0.0449493348769168 0.000527754201490894   0.0086176929690735   0.0003760183886171  0.00927667327419281 0.000686407046530046
  0.0456235749000706 0.000535673291566894   0.0081810898391733   0.0003605921570129  0.00811324304542589 0.000644651425959536
  0.0463079285235716 0.000543708390940425   0.0071977667700729   0.0003373166364249  0.00683850075816428 0.000605497383625128
  0.0470025474514252 0.000551861155814425   0.0053458397537468   0.0002706537066841  0.00561159311964719  0.00056877723295027
  0.0477075856631966 0.000560141977056596   0.0044381360994938   0.0002386911221832  0.00457160632982001 0.000534334634613195
  0.0484231994481445 0.000568544106712426    0.003745626910228    0.000208159642796  0.00381640968799733 0.000502023709023292
  0.0491495474398667  0.00057706927663766   0.0034826338407761   0.0002055025703919  0.00338945762598253 0.000471708364901674
  0.0498867906514647 0.000585725315787191   0.0031820636259221   0.0002008313846449  0.00327666500576785 0.000443261592869115
  0.0506350925112366 0.000594514277622894   0.0031412860857142   0.0001925724987488  0.00341356202363757 0.000416564797240647
  0.0513946188989052 0.000603428863456894   0.0034578651405658   0.0001862641747231  0.00370095337143546 0.000391507203580997
  0.0521655381823887 0.000612480296408723   0.0038892238951877   0.0002025951230302  0.00402570121924172 0.000367985366045267
  0.0529480212551246 0.000621667500854851   0.0045653608912117   0.0002306529133297  0.00428243572261711  0.00034590259993984
  0.0537422415739514 0.000630992513367702   0.0045083245813254   0.0002251422723284  0.00439210600293315 0.000325168544070057
  0.0545483751975607 0.000640457401068213   0.0041410608599388   0.0002080322477551  0.00431412757104879 0.000305698720665352
  0.0553666008255241 0.000650064262084213   0.0041104374919119    0.000207511241905  0.00405029606885321 0.000287414133208955
   0.056197099837907 0.000659815226015489   0.0037598667073319   0.0001932045870911  0.00364027002594092 0.000270240893514803
  0.0570400563354756 0.000669712454405702   0.0029373630037974   0.0001553194607684  0.00315001830783046 0.000254109875761745
  0.0578956571805077 0.000679758141221787   0.0025476139479421   0.0001377971137925  0.00265592162780027 0.000238956395389669
  0.0587640920382153 0.000689954513340128   0.0022539653181057   0.0001245983360786  0.00222798369060507 0.000224719910938814
  0.0596455534187885 0.000700303831040213   0.0018503839394404   0.0001073700833434  0.00191567436618617 0.000211343747073924
  0.0605402367200703  0.00071080838850583   0.0017556054123206   0.0001038233530928  0.00173924470636254 0.000198774837180727
  0.0614483402708714 0.000721470514333404   0.0016849601023752    9.92804425557e-05  0.00168805158788223 0.000186963484054929
  0.0623700653749344 0.000732292572048426    0.001749018503001   0.0001017284125228  0.00172581511778762 0.000175863137324741
  0.0633056163555585 0.000743276960629149   0.0019358576610765   0.0001100675035527  0.00180120272538973 0.000165430186358047
  0.0642552006008918 0.000754426115038596   0.0019516217530032   0.0001122692038174  0.00186104742454219 0.000155623767505843
  0.0652190286099052  0.00076574250676417   0.0019009814519284   0.0001117142892225  0.00186307310333641 0.000146405584625197
  0.0661973140390538 0.000777228644365617   0.0018431274459179   0.0001078809617666  0.00178524748724408 0.000137739741908813
  0.0671902737496396 0.000788887074031106   0.0017301790516625   0.0001013428992555  0.00162971053806906 0.000129592588124816
  0.0681981278558842 0.000800720380141574    0.001440462905791    8.95498457997e-05  0.00142046395560488  0.00012193257144048
  0.0692210997737224 0.000812731185843702   0.0012836771601556    8.05176776723e-05  0.00119545696521769 0.000114730104067748
  0.0702594162703283 0.000824922153631362   0.0009200169352201    6.25435266605e-05 0.000995119393672702 0.000107957436027189
  0.0713133075143832  0.00083729598593583   0.0009028599494223    6.26874971564e-05 0.000850456446004823 0.000101588537380903
  0.0723830071270989 0.000849855425724851   0.0007927320646477    5.80545153015e-05 0.000774166986060971 9.55989883343243e-05
  0.0734687522340054 0.000862603257110723   0.0007043061193981    5.23427574159e-05 0.000757595240122903  8.9965876652299e-05
  0.0745707835175154 0.000875542305967404   0.0006944203961259    5.21017652991e-05 0.000774658604827357 8.46677018764365e-05
  0.0756893452702782 0.000888675440556894   0.0007844875783007    5.50256150774e-05 0.000791599727141369 7.96842858691155e-05
  0.0768246854493324 0.000902005572165277   0.0007065244541301    5.16167260115e-05 0.000779247451151118 7.49966892447562e-05
  0.0779770557310723 0.000915535655747745   0.0007296130107201    5.23897761979e-05 0.000723321640764932 7.05871332813959e-05
  0.0791467115670384 0.000929268690583957    0.000592612841322    4.65510625506e-05 0.000628813308490558 6.64389269354962e-05
   0.080333912240544 0.000943207720942723   0.0004487361549254     3.8928761431e-05 0.000516648715810347 6.25363986104257e-05
  0.0815389209241521 0.000957355836756851   0.0003699844980984    3.48577214515e-05 0.000413990678074647 5.88648323544303e-05
  0.0827620047380144 0.000971716174308213   0.0003312905035251    3.35446968217e-05 0.000342344549043502 5.54104081873131e-05
  0.0840034348090846 0.000986291916922851   0.0003192730637615    3.33401587574e-05 0.000308746642002669 5.21601462766451e-05
  0.0852634863312209  0.00100108629567668   0.0003344981870776    3.36086349413e-05   0.0003039777811263 4.91018547042618e-05
  0.0865424386261892  0.00101610259011183   0.0003478273815897    3.35707289841e-05 0.000308403740197152 4.62240805822379e-05
   0.087840575205582  0.00103134412896349   0.0003193552349226    3.21546025506e-05 0.000302286270058682 4.35160642945467e-05
  0.0891581838336657  0.00104620317350362   0.0002516507479853    1.60312405486e-05 0.000275223176673135 4.09676327720988e-05
  0.0904955565911707   0.0010625165052614    0.000248550759468    1.64655223155e-05 0.000229951498567303 3.85694787975836e-05
  0.0918529899400382  0.00107845425284034    0.000170065368292    1.21776979058e-05 0.000179106563356793 3.63124845904399e-05
  0.0932307847891388  0.00109463106663294   0.0001451007092725     1.1981751424e-05 0.000137101462659283 3.41883254539358e-05
  0.0946292465609759  0.00111105053263243   0.0001125928826228     9.4450188476e-06 0.000112215623869429 3.21891173789476e-05
  0.0960486852593905  0.00112771629062191    8.92416257507e-05     8.4120344985e-06 0.000103139433938194 3.03074500289143e-05
  0.0974894155382814  0.00114463203498128   0.0001192920560948    1.10151762074e-05 0.000101394511028844 2.85363577808053e-05
  0.0989517567713556    0.001161801515506    9.02298936671e-05    1.00330102678e-05 9.73972211796179e-05 2.68692925803263e-05
   0.100436033122926   0.0011785401190243    8.78264872559e-05     4.8315624692e-06 8.60496926437336e-05 2.53000592887243e-05
    0.10194257361977  0.00119621822080966    7.16155442768e-05     4.0378235399e-06 6.86016075209187e-05  2.3822950956698e-05
   0.103471712224066  0.00121416149412183    5.71901429271e-05       3.30162501e-06 5.03898018501342e-05 2.24324841372595e-05
   0.105023787907427  0.00123237391653366    4.09593909086e-05     2.4910829127e-06 3.66205455122858e-05 2.11235419469468e-05
   0.106599144726039  0.00125085952528166    2.90830797888e-05     1.8928931734e-06 2.92575369038231e-05 1.98913127144045e-05
   0.108198131896929  0.00126962241816089      2.742957441e-05     1.7970064942e-06 2.66754370397017e-05 1.87312715128538e-05
   0.109821103875383  0.00128866675443328    2.60787443938e-05     1.7432790908e-06 2.55927560853265e-05  1.7639162832802e-05
   0.111468420433514  0.00130799675574979    2.26404207855e-05     1.6664352686e-06 2.34509819581628e-05 1.66109843225981e-05
   0.113140446740017  0.00132761670708604     2.0044527099e-05     1.4373160238e-06 1.96306989871951e-05 1.56429715292188e-05
   0.114837553441117  0.00134753095769234    1.67412173342e-05     1.3209210593e-06 1.51305830408531e-05 1.47315835760996e-05
   0.116560116742734   0.0013677439220577    1.09112625692e-05     1.0676218918e-06 1.14268018254918e-05 1.38734897189673e-05
   0.118308518493875   0.0013882600808886     8.3027655139e-06      9.436872991e-07 9.46382632546553e-06 1.30655567244781e-05
   0.120083146271283  0.00140908398210191     8.1955306591e-06      9.997326763e-07 9.26453010046667e-06 1.23048370200552e-05
   0.121884393465352  0.00143022024183345     9.9796015902e-06     1.0200682043e-06 1.01113515600377e-05 1.15885575666653e-05
   0.123712659367332  0.00145167354546094    1.02346068395e-05     1.0438768156e-06 1.10340944042784e-05 1.09141094093905e-05
   0.125568349257842  0.00147344864864285    1.02896139294e-05     1.0733116218e-06 1.13560765068821e-05 1.02790378635659e-05
    0.12745187449671  0.00149555037837251    1.14900471826e-05     1.1787520258e-06 1.10581776216395e-05 9.68103329695927e-06
    0.12936365261416  0.00151798363404808    1.08795962528e-05     1.0866137585e-06 1.07232199732242e-05 9.11792247100897e-06
   0.131304107403373  0.00154075338855881    1.00020696437e-05     1.1012958577e-06 1.10224796597357e-05   8.587660406493e-06
   0.133273669014423  0.00156386468938719    1.34339057613e-05     1.1599446438e-06 1.20992897943457e-05 8.08832274121423e-06
    0.13527277404964    0.001587322659728    1.51009017597e-05     1.2634578941e-06 1.34082571761858e-05 7.61809854934384e-06
   0.137301865660384  0.00161113249962391    1.43694485003e-05     1.2314488551e-06 1.42195014264072e-05 7.17528359398987e-06
    0.13936139364529  0.00163529948711826    1.44258855153e-05      1.162112096e-06 1.43178328659341e-05 6.75827398635719e-06
   0.141451814549969  0.00165982897942506    1.47601204165e-05      1.189323923e-06 1.41575150477015e-05 6.36556022654651e-06
   0.143573591768219  0.00168472641411643    1.47341772374e-05     1.1819509868e-06 1.42940755895821e-05 5.99572160260743e-06
   0.145727195644742  0.00170999731032817    1.35294853392e-05     1.2064242739e-06 1.47458007491585e-05 5.64742092593075e-06
   0.147913103579413  0.00173564726998311    1.60918916806e-05     1.2441626465e-06  1.5028574330813e-05 5.31939958243994e-06
   0.150131800133105  0.00176168197903285    1.51793057815e-05     1.1969425256e-06 1.47807000485592e-05 5.01047288032347e-06
   0.152383777135101  0.00178810720871834    1.37652522904e-05     1.1804987867e-06 1.41696565277091e-05 4.71952567625203e-06
   0.154669533792128  0.00181492881684911    1.43032831218e-05     1.1458305555e-06 1.36005022495204e-05 4.44550826314922e-06
   0.156989576799009  0.00184215274910183    1.37328581686e-05      1.158765018e-06  1.3181690593015e-05 4.18743250363556e-06
   0.159344420450995  0.00186978504033838    1.39323706419e-05     1.1437138341e-06 1.26678543436973e-05 3.94436819425111e-06
    0.16173458675776  0.00189783181594345    1.26276310145e-05     1.0817466892e-06 1.18730130137813e-05 3.71543964648326e-06
   0.164160605559126   0.0019262992931826    1.15163738701e-05     1.0636097983e-06 1.09188797319872e-05 3.49982247149002e-06
   0.166623014642513  0.00195519378258034     9.1517394836e-06     1.0388693386e-06 1.00183143161047e-05 3.29674055621683e-06
    0.16912235986215  0.00198452168931902     9.9411829831e-06     1.0112921995e-06 9.19173181234331e-06 3.10546321936263e-06
   0.171659195260083  0.00201428951465881     7.2452349814e-06      9.682730321e-07 8.32246840170372e-06 2.92530253636036e-06
   0.174234083188984  0.00204450385737872     5.9613427673e-06      9.227934913e-07 7.38518675271789e-06 2.75561082320135e-06
   0.176847594436819  0.00207517141523936     5.8222541112e-06      8.868212852e-07  6.4763439976071e-06   2.595778269556e-06
   0.179500308353371  0.00210629898646796     5.2162268557e-06      8.788534625e-07 5.66020053989896e-06 2.44523071222743e-06
   0.182192812978671  0.00213789347126498     4.4430355699e-06      7.977360363e-07  4.9087387486259e-06 2.30342754052107e-06
   0.184925705173351  0.00216996187333396     3.5244278318e-06      8.059352609e-07 4.19234762187401e-06 2.16985972562739e-06
   0.187699590750952  0.00220251130143396     3.5672713686e-06       7.56575694e-07 3.54227357839645e-06 2.04532942088914e-06
   0.190515084612216  0.00223554897095549     2.3169470479e-06      7.305185786e-07 3.04511337578704e-06 1.94263695733426e-06
   0.193372810881399  0.00226908220551983     2.3657373428e-06      7.144010991e-07 2.77089158800252e-06 1.88199472303243e-06
