# intensity: 0.94400064446004
# background: 0
#           Q (1/A)             dQ (1/A)                    R                   dR               theory              fresnel
  0.0079921268598835 9.38113895411064e-05     1.02847366335677   0.0831740543453834    0.943777142821672     0.94400064446004
  0.0081120087627818 9.52185603842128e-05    0.928408498798101   0.0760394701540307    0.943767483769824     0.94400064446004
  0.0082336888942235 9.66468387899574e-05    0.934035400977968   0.0757376636257944    0.943750696649698     0.94400064446004
  0.0083571942276368 9.80965413718298e-05    0.812265566968785   0.0680769983796665    0.943728960950804     0.94400064446004
  0.0084825521410514  9.9567989492383e-05    0.974782484517906    0.068264781969646    0.943703666785335     0.94400064446004
  0.0086097904231672 0.000101061509334766    0.931879994458868   0.0656434932593086    0.943674349429835     0.94400064446004
  0.0087389372795147 0.000102577431974809    0.830644605879561   0.0587763244247926    0.943640088011501     0.94400064446004
  0.0088700213387074 0.000104116093454426    0.839277169080692   0.0554303051979214    0.943599678525505     0.94400064446004
   0.009003071658788 0.000105677834856255    0.949220568191229   0.0538915898193354    0.943551521257702     0.94400064446004
  0.0091381177336698 0.000107263002379106     0.98847340264326   0.0539052832321451    0.943493451717251     0.94400064446004
  0.0092751894996749 0.000108871947414766    0.944433756892794   0.0507032123593141    0.943422479864833     0.94400064446004
    0.00941431734217    0.000110505026626      0.9551854213736   0.0472988236477749    0.943334375406349     0.94400064446004
  0.0095555321023025 0.000112162602025404    0.989653101000117   0.0530403322233908    0.943222984506026     0.94400064446004
  0.0096988650838371 0.000114136951417447    0.967835784210508   0.0482191437975537    0.943079024271096     0.94400064446004
  0.0098443480600946 0.000115849005688723     1.05615108917822   0.0859105738900572    0.942888068277318     0.94400064446004
   0.009992013280996 0.000117586740774043    0.882175077467263   0.0745181344259856    0.942626344017849     0.94400064446004
   0.010141893480211  0.00011935054188566     1.05787658592863   0.0818670025834556    0.942252405088571     0.94400064446004
  0.0102940218824141 0.000121140800013957    0.925581615123772   0.0695488998084501    0.941687908445265     0.94400064446004
  0.0104484322106503 0.000122957912014128     0.98093891720072   0.0719780961612023    0.940767336698105     0.94400064446004
  0.0106051586938101  0.00012480228069434    0.844204125670307   0.0645447091960466     0.93907534924278     0.94400064446004
  0.0107642360742173 0.000126674314904766    0.837921365473975   0.0591075106016905    0.935124112055666     0.94400064446004
  0.0109256996153305  0.00012857442962834    0.855502016835848   0.0560360885888503    0.920372545531576     0.94400064446004
  0.0110895851095605 0.000130503046072766    0.898310481353079   0.0575042649306722    0.865227216928856     0.94400064446004
  0.0112559288862039 0.000132460591763872    0.755630768908517   0.0491016770582716    0.778110826735879     0.94400064446004
  0.0114247678194969  0.00013444750064034     0.78833397953916   0.0503312436608586    0.770637580356471     0.94400064446004
  0.0115961393367894 0.000136464213149915    0.782101266159428   0.0459112047224795    0.857987319179826     0.94400064446004
  0.0117700814268412 0.000138511176347191    0.993651291441046   0.0661578101452445     0.91975432325127     0.94400064446004
  0.0119466326482438 0.000140626879892936    0.971372715509826   0.0614436580509049    0.936277770792096     0.94400064446004
  0.0121258321379675 0.000142736283091319    0.943914489097888    0.109172025228969     0.94026285203607     0.94400064446004
   0.012307719620037 0.000144877327337702      1.0890771189677    0.115449469669671    0.941817060863521     0.94400064446004
  0.0124923354143376 0.000147050487247745     1.09222590694657    0.113815029592721    0.942618755239362     0.94400064446004
  0.0126797204455526 0.000149256244556468    0.940925594843684    0.101089457773803    0.943090995207328     0.94400064446004
  0.0128699162522359 0.000151495088224809    0.956918804516529   0.0984589192381611    0.943392851385181     0.94400064446004
  0.0130629649960195 0.000153767514548213     0.89158176112952   0.0883708726685648    0.943596260728781     0.94400064446004
  0.0132589094709597 0.000156074027266426    0.893101520233287   0.0862011972540819    0.943736897304672     0.94400064446004
  0.0134577931130241 0.000158415137675404    0.846237558459994   0.0825730242021414    0.943832231492325     0.94400064446004
  0.0136596600097195 0.000160791364740553      0.8918767153074    0.082043092957254    0.943877119882785    0.943857056134667
  0.0138645549098653  0.00016320323521166     1.03217661676776   0.0890408307087013    0.943533343588874    0.939196919603373
  0.0140725232335133  0.00016565128373983     1.04558630997568   0.0887570421111257    0.939934490741307    0.897439714776396
   0.014283611082016 0.000168136052995915    0.883884097507688   0.0755536308208833    0.925026331112437    0.753549241531105
  0.0144978652482462 0.000170658093790851    0.879309900149047   0.0737646126142282    0.895799608520372    0.535250923759705
  0.0147153332269699 0.000173217965197745    0.850711499688699   0.0711393197514243    0.861598354190807    0.375600466184376
  0.0149360632253744 0.000175816234675702    0.835213972153236   0.0679551333717443    0.824770665159301    0.290581282814515
  0.0151601041737551  0.00017845347819583    0.780389557241887    0.063440542604688    0.781959948645542    0.237879245933045
  0.0153875057363614 0.000181130280368766    0.687808399979324   0.0400399204669415    0.731197789981547    0.200045818088641
  0.0156183183224068 0.000183847234574298    0.694358798903179   0.0391081203908221    0.671893442447508     0.17111869882963
  0.0158525930972429 0.000186604943092894    0.570065533397795   0.0327733606272873    0.604788150009827    0.148183648725637
  0.0160903819937015 0.000189506558129362    0.600841618748417   0.0464579474893433    0.532140271150744    0.129539954753319
  0.0163317377236071 0.000192349156501319     0.45349075710375   0.0376565761471965    0.457566862216083    0.114097768304216
  0.0165767137894612 0.000195234393848809    0.375162642694228   0.0313646820660307     0.38534194748763    0.101121517971882
  0.0168253644963031 0.000198162909756553    0.314659936485917   0.0281524899445941    0.319346429992675    0.090089254987662
  0.0170777449637476 0.000201135353402894    0.314939545990619   0.0267221280414951    0.262119157925279   0.0806188203548243
  0.0173339111382038 0.000204152383703957    0.233536011396916   0.0210984595906849    0.214454989053264   0.0724228277813271
  0.0175939198052769 0.000207214669459532    0.218376357096371   0.0204562620769713    0.175645776912622   0.0652803760693362
   0.017857828602356 0.000210322889501404     0.16522627524099   0.0161770956768518    0.144114074121106   0.0590185303423331
  0.0181256960313914 0.000213477732843915    0.128770517632475    0.013697932400855    0.118087644442937   0.0534997832061057
  0.0183975814718623 0.000216679898836596   0.0836485091671567   0.0111944728206938   0.0960848241868625   0.0486133215290472
  0.0186735451939402 0.000219930097319149   0.0628350567721761    0.009901565829196   0.0771523424326144    0.044268795504676
  0.0189536483718493 0.000223229048778936    0.057953408220725   0.0086611216247652    0.060900065657058    0.040391779551649
   0.019237953097427 0.000226577484510596   0.0479589389424171   0.0071225494097013   0.0474024118524077   0.0369204050323467
  0.0195265223938884 0.000229976146778255   0.0418927707473684   0.0065131383880956    0.037024708724481    0.033802821922624
  0.0198194202297968 0.000233425788979957   0.0330778557390833   0.0052804839188464   0.0302185441079252   0.0309952579169142
  0.0201167115332437 0.000236927175814638   0.0293905962519621   0.0048473048075469   0.0273242998244481   0.0284605153132411
  0.0204184622062424 0.000240481083451872   0.0245193994619394   0.0045596538777397   0.0284168342519585   0.0261667934919495
   0.020724739139336 0.000244088299703617   0.0302819792803355   0.0052062299010803   0.0332227698841187   0.0240867568184677
   0.021035610226426 0.000247749624199191   0.0439037690818395   0.0057527150972352   0.0411209994069168   0.0221967898019619
  0.0213511443798224  0.00025146586856217    0.052640462003948   0.0060219552684475   0.0512160589318531   0.0204763967188172
  0.0216714115455197 0.000255237856590596   0.0551484257595058   0.0062642898096506   0.0624561948902185   0.0189077138231894
  0.0219964827187025 0.000259066424439489   0.0719995400596723   0.0071735748091694   0.0737617265415786   0.0174751101215583
  0.0223264299594831 0.000262952420806043   0.0904027023862173   0.0080020024671202   0.0841354713283562   0.0161648584145745
  0.0226613264088753  0.00026689670711817    0.112598510276736   0.0090907411293346   0.0927402560936918   0.0149648625338637
  0.0230012463050085 0.000270900157724936   0.0997454947408438   0.0047341930777998   0.0989418669146643   0.0138644298520277
  0.0233462649995836 0.000274963660090808    0.101209846546992   0.0046768273410931    0.102324507576331   0.0128540805177111
  0.0236964589745773  0.00027908811499217   0.0967766793019164    0.004409578599464    0.102688829249162    0.011925386672733
   0.024051905859196 0.000283274436717021    0.102294772056589    0.004737305886484    0.100041218743103   0.0110708362932244
  0.0244126844470839 0.000287212566915149   0.0961896497475776   0.0041677101105958   0.0945809853941239    0.010283666253653
  0.0247788747137902 0.000291520755418894   0.0895538186302122   0.0038728911590694   0.0866766504686838  0.00955797223752109
   0.025150557834497  0.00029589356675017   0.0754876159661572   0.0033121411210278   0.0768544906818424  0.00888830360265204
  0.0255278162020145 0.000300331970251404   0.0649551241393654   0.0029160854680075    0.065760500046038    0.008269808884331
  0.0259107334450447 0.000304836949805191   0.0537163605463209   0.0024670688800528   0.0541191162016955     0.00769811671204
  0.0262993944467204 0.000309409504052255   0.0459409760837217   0.0021765823946714   0.0426769326081875  0.00716928112731912
  0.0266938853634212 0.000314050646613064   0.0329954104483353    0.001682729059294   0.0321368488152174  0.00667973403937949
  0.0270942936438725 0.000318761406312255   0.0262166371322014   0.0014032727726673   0.0230910211434358  0.00622624376257502
  0.0275007080485306 0.000323542827406936   0.0171397295621901   0.0010533069733989   0.0159640917555965  0.00580587875453825
  0.0279132186692585 0.000328395969818043    0.011202401202063   0.0008105651492157   0.0109778774304505  0.00541597581655573
  0.0283319169492974 0.000333321909365319    0.007713683149037   0.0006666304573855  0.00814451148198079  0.00505411213497948
  0.0287568957035369 0.000338321738005787   0.0074377486901639   0.0006433893212382  0.00728827094136349   0.0047180806391408
  0.0291882491390899 0.000343396564075872    0.008274738130343    0.000665532686578  0.00808956034921149  0.00440586823128115
  0.0296260728761763 0.000348547512537021    0.009930583181033   0.0007277315605429   0.0101402569749524  0.00411563651057373
  0.0300704639693189 0.000353775725225064   0.0140262817068633   0.0008818699222953   0.0129990263185502  0.00384570466885901
  0.0305215209288587 0.000359082361103447   0.0161635158144554   0.0009579226635139   0.0162377988625444  0.00359453428224529
  0.0309793437427915     0.00036446859652    0.019920847910345   0.0011049911240971    0.019474790986087  0.00336071576184308
  0.0314440338989334 0.000369935625467787   0.0234967392896289   0.0012379568582011   0.0223935701811393  0.00314295625988676
  0.0319156944074174 0.000375484659849787   0.0243354187919246   0.0012761652434425   0.0247505970811708  0.00294006885541273
  0.0323944298235287 0.000381116929747532   0.0264351332873409   0.0013496379260256   0.0263750630865895  0.00275096286735095
  0.0328803462708816 0.000386833683693787   0.0268087268405783   0.0013931798191185   0.0271648706291454  0.00257463516305502
  0.0333735514649448 0.000392636188949191   0.0269277719069581    0.001393923881345   0.0270817082654692  0.00241016234751026
   0.033874154736919 0.000398525731783404   0.0242663086131574   0.0012593269873668   0.0261468142658597  0.00225669373319729
  0.0343822670579728  0.00040450361776017   0.0237315335867185   0.0012569864632765   0.0244375860883819  0.00211344500323617
  0.0348980010638424 0.000410571172026553   0.0233475884634525   0.0012350801207071   0.0220839788169604  0.00197969249132038
     0.0354214710798 0.000416729739606979   0.0189574372300318   0.0010447761104441   0.0192628743798501  0.00185476801133767
   0.035952793145997 0.000422980685701064    0.016952832810491   0.0009481167275989   0.0161884660810074  0.00173805417769209
  0.0364920850431869 0.000429325395986596   0.0133963445037662    0.000828144438808   0.0130972799988013  0.00162898016437565
  0.0370394663188347 0.000435765276926383   0.0110774098332557   0.0007288566358041   0.0102277049165324  0.00152701785694733
  0.0375950583136173 0.000442301756080255   0.0085342354521272   0.0006198988770119  0.00779559365637411  0.00143167835689501
  0.0381589841883215 0.000448936282421489   0.0059511008671926   0.0004878854098644  0.00596918990018481  0.00134250880249303
  0.0387313689511463 0.000455670326657787   0.0048503989287555   0.0004272907063978  0.00484775520018416  0.00125908947432126
  0.0393123394854135  0.00046250538155766   0.0046683042054169   0.0004327356625593  0.00444831600709173   0.0011810311571604
  0.0399020245776947 0.000469442962281021   0.0051438476692892   0.0004486359794609  0.00470372515320124  0.00110797273309097
  0.0405005549463601 0.000476484606715234    0.005415510774464   0.0004831291875693  0.00547300443968238  0.00103957898335962
  0.0411080632705555    0.000483631875816   0.0070203114894004   0.0005451058745507  0.00656237373268233 0.000975538578984702
  0.0417246842196139 0.000490886353953234   0.0075895684817359   0.0005534825687464  0.00775326847527965 0.000915562242197493
  0.0423505544829081 0.000498249649262511   0.0096312118795284   0.0006390047661116  0.00883256956743133  0.00085938106269149
  0.0429858128001517 0.000505723394001447   0.0093744507888501   0.0006266598156806  0.00962034896370655 0.000806744954312286
   0.043630599992154 0.000513309244911489   0.0098528904414669   0.0006585799901668  0.00999139389688554 0.000757421239291888
  0.0442850589920363 0.000521008883585149   0.0088505286946945   0.0006119153248886  0.00988814057088674 0.000711193348436606
  0.0449493348769168 0.000527899065249021   0.0089862895404442   0.0003868442065493  0.00932438496858205 0.000667841155245511
  0.0456235749000706 0.000536756377091489   0.0078350945507193   0.0003451452587135   0.0083772765195181 0.000627232235710526
  0.0463079285235716 0.000544807722747872   0.0070449356665342   0.0003276539114791  0.00717656573402545 0.000589136141875485
  0.0470025474514252 0.000552012636713617   0.0058058328651393   0.0002821287549105     0.00587939278315 0.000553392980111848
  0.0477075856631966 0.000561274536167957   0.0045048996306311    0.000250771667587  0.00464976605061775 0.000519896231355876
  0.0484231994481445 0.000569693654210468   0.0037323448209581   0.0002141345914919  0.00362849306279408 0.000488458360763153
  0.0491495474398667 0.000577227676938128   0.0031251740901385    0.000206415460196  0.00291562852569156 0.000458949621489246
  0.0498867906514647 0.000585886092092213   0.0023775620596541   0.0001588580743489  0.00255680600697236 0.000431272275236403
  0.0506350925112366 0.000595716334582596   0.0028229461113185    0.000193396167279  0.00253499820198001 0.000405308598751438
  0.0513946188989052 0.000603594499225702   0.0026650661234187   0.0001498437629789  0.00277770218457026 0.000380917734373122
  0.0521655381823887 0.000612648416714085    0.003060017169146   0.0001648509534534  0.00317600286009196 0.000358032113665829
  0.0529480212551246 0.000621838142964808   0.0036618139409081   0.0001893961244739  0.00360267975233934 0.000336546640567486
  0.0537422415739514 0.000631165715109277   0.0036805367110231   0.0001881290847465  0.00393853495568716 0.000316373397955036
  0.0545483751975607 0.000640633200835915   0.0037144576625579   0.0001883252417916  0.00409372048884148 0.000297430192996446
  0.0553666008255241 0.000650242698848468   0.0038845792924218   0.0001968807299898  0.00402286444253201 0.000279640165858128
   0.056197099837907 0.000659996339331191   0.0036350003902937   0.0001855249339527  0.00373088479417029 0.000262931426868512
  0.0570400563354756 0.000669896284421149   0.0031096989135441    0.000161371650453  0.00326858870093515 0.000247236719909791
  0.0578956571805077 0.000679944728687447   0.0025905559949977   0.0001386971147819  0.00271912350731807 0.000232493109999135
  0.0587640920382153 0.000690143899617787   0.0021288636788483   0.0001181595846224  0.00217818914932914 0.000218641693192537
  0.0596455534187885 0.000700496058112043    0.001620285887252    9.61394808347e-05  0.00173230610210323 0.000205627327100505
  0.0605402367200703 0.000711003498983702   0.0013559273304395    8.52010306299e-05   0.0014399962666237 0.000193398380446698
  0.0614483402708714 0.000721668551468468   0.0013356005654788    8.27309616303e-05   0.0013201978884611  0.00018190650022972
  0.0623700653749344 0.000732493579740511   0.0014955789594291    8.95623543965e-05  0.00135057446298452 0.000171106395165847
  0.0633056163555585 0.000743480983436596   0.0014961585734967    8.99466438232e-05  0.00147592982388834 0.000160955634197569
  0.0642552006008918  0.00075463319818817   0.0016717129124948    9.88495638621e-05    0.001624355703146 0.000151414458950658
  0.0652190286099052 0.000765952696160979   0.0017083053002049   0.0001015413799027  0.00172675410271877 0.000142445609111555
  0.0661973140390538 0.000777441986603404   0.0017687528923609   0.0001019563944781  0.00173455782389073 0.000134014159778521
  0.0671902737496396 0.000789103616402426   0.0017096377402093    9.93147662895e-05  0.00163102953522804 0.000126087369914373
  0.0681981278558842 0.000800940170648468    0.001502165906536    9.01338953584e-05  0.00143329278361206   0.0001186345410969
  0.0692210997737224 0.000812954273208213    0.001296089764562    7.96555876644e-05  0.00118479212509821 0.000111626885825421
  0.0702594162703283  0.00082514858730634   0.0009330365565653    6.27934002728e-05 0.000940567092216062 0.000105037404699131
  0.0713133075143832 0.000837525816115915   0.0007582024156373    5.52025465244e-05  0.00074984069745935 9.88407718353507e-05
  0.0723830071270989 0.000850088703357659   0.0006369633020126    4.95168091628e-05 0.000641296745267149 9.30132279438262e-05
  0.0734687522340054 0.000862840033908042   0.0006141666756726    4.68509951878e-05 0.000615640724950831 8.75324805174694e-05
  0.0745707835175154 0.000875782634416638   0.0006203618234778    4.73528410326e-05 0.000647694508813604 8.23776106404216e-05
  0.0756893452702782 0.000888919373932893    0.000700218693008     5.0644717624e-05  0.00069705243118747 7.75289859516431e-05
  0.0768246854493324 0.000902253164541872   0.0007101293209141    5.05077912039e-05  0.00072333905561469 7.29681793365351e-05
  0.0779770557310723 0.000915786962010043   0.0007293441562734      5.075966675e-05 0.000700482040597431 6.86778929506358e-05
  0.0791467115670384  0.00092952376644017   0.0005609186847461     4.4325619677e-05 0.000624821103556427 6.46418872085155e-05
   0.080333912240544 0.000943466622936766   0.0005210543504192     4.0945457353e-05 0.000514246990131949 6.08449143977734e-05
  0.0815389209241521 0.000957618622280808    0.000377591511739     3.4762447483e-05 0.000399072713861882 5.72726566027132e-05
  0.0827620047380144 0.000971982901615021   0.0003027245087946    2.98658561199e-05 0.000308642057116228 5.39116676450563e-05
  0.0840034348090846 0.000986562645139276   0.0002221126681494    2.76391213212e-05 0.000259391776835557 5.07493187700645e-05
  0.0852634863312209  0.00100136108481634   0.0002790961175522    3.08833578208e-05 0.000249361840370904 4.77737478258403e-05
  0.0865424386261892   0.0010163815010886   0.0002735367298273    2.85462436831e-05 0.000261181650031958 4.49738117015084e-05
   0.087840575205582  0.00103162722360494   0.0002907086502453      3.022693533e-05 0.000271642072831643   4.233904180654e-05
  0.0891581838336657  0.00104681803220264   0.0002640681777225    1.60089353636e-05 0.000262965814535676 3.98595735394389e-05
  0.0904955565911707  0.00106280815643838   0.0002050000139755    1.36269448635e-05 0.000230278391200996 3.75262515031537e-05
  0.0918529899400382  0.00107875027878498   0.0001758451937751    1.26748432283e-05 0.000182057323503313 3.53303044552891e-05
  0.0932307847891388  0.00109493153296672   0.0001330353301204    1.09909500384e-05 0.000133879060237716 3.32635995581629e-05
  0.0946292465609759  0.00111135550596123    9.72869073537e-05     9.3737414536e-06 9.94544621261048e-05 3.13184660489795e-05
  0.0960486852593905  0.00112802583855064    8.29812979789e-05     8.6480231787e-06 8.38663537581556e-05 2.94876940256462e-05
  0.0974894155382814  0.00114494622612889    8.76874770117e-05    1.02032392622e-05 8.23792341751376e-05 2.77645062710217e-05
  0.0989517567713556  0.00116212041952085    7.90953505406e-05     8.4596523225e-06 8.47322314284802e-05 2.61425318423307e-05
   0.100436033122926  0.00117923275279055    8.85446611983e-05     4.8594810249e-06 8.17381560175795e-05 2.46157636068682e-05
    0.10194257361977  0.00119692124408238    7.45988540036e-05     4.1637731757e-06 7.00739991644176e-05 2.31786068898439e-05
   0.103471712224066  0.00121487506274366     5.4616691992e-05     3.1976083211e-06 5.28198876877995e-05 2.18257482789633e-05
   0.105023787907427  0.00123309818868481    3.90148701447e-05     2.3900881435e-06 3.61810353261717e-05 2.05522092877189e-05
   0.106599144726039  0.00125159466151506    2.61719848862e-05     1.7919886719e-06 2.51122057617527e-05 1.93533083866177e-05
   0.108198131896929  0.00127036858143779    2.19140746837e-05     1.5350480558e-06 2.07078217376142e-05 1.82246430351433e-05
   0.109821103875383  0.00128942411015936    2.33857753801e-05     1.6794477704e-06 2.05355220219918e-05 1.71620728231151e-05
   0.111468420433514  0.00130876547181174     2.1966224704e-05     1.6289717826e-06 2.09738301458249e-05 1.61617036510148e-05
   0.113140446740017  0.00132839695388894    2.02703881591e-05     1.4955543961e-06 1.95891583235395e-05 1.52198728834867e-05
   0.114837553441117  0.00134832290819728    1.69178099394e-05     1.3678417354e-06 1.61114240609747e-05 1.43331354145422e-05
   0.116560116742734  0.00136854775182021    1.27288683231e-05     1.1068321432e-06 1.18819324342807e-05 1.34982505870162e-05
   0.118308518493875  0.00138907596809753     6.7417633942e-06      9.220106636e-07 8.60681443027024e-06 1.27121699125755e-05
   0.120083146271283  0.00140991210761898     6.9133552733e-06      9.300691115e-07 7.31797330914073e-06 1.19720255420688e-05
   0.121884393465352  0.00143106078923328     7.3922681678e-06      9.989812779e-07 7.95360557323632e-06 1.12751194392609e-05
   0.123712659367332  0.00145252670107179    1.00003072584e-05     1.0122802367e-06 9.54115984672808e-06 1.06189132140311e-05
   0.125568349257842  0.00147431460158783     1.1646772021e-05     1.0834516159e-06 1.08148889213672e-05 1.00010185739469e-05
    0.12745187449671  0.00149642932061166    1.06662052802e-05     1.1169338731e-06 1.10016377331053e-05 9.41918835575851e-06
    0.12936365261416  0.00151887576042085     9.8816269096e-06     1.0886559207e-06 1.03248386317643e-05 8.87130810083077e-06
   0.131304107403373  0.00154165889682715     8.8855983215e-06     1.0827249053e-06 9.78345594484928e-06 8.35538814082204e-06
   0.133273669014423  0.00156478378027957     1.0120135317e-05     1.0581614226e-06 1.02570536038187e-05  7.8695561620717e-06
    0.13527277404964  0.00158825553698374    1.50240055739e-05     1.2579799739e-06 1.16738185651781e-05  7.4120502191593e-06
   0.137301865660384  0.00161207937003851    1.47922408425e-05     1.2071012696e-06 1.30726291890005e-05 6.98121216997149e-06
    0.13936139364529  0.00163626056058906    1.37347019176e-05     1.1424714972e-06 1.35623151753542e-05 6.57548150636318e-06
   0.141451814549969  0.00166080446899791    1.63573396388e-05     1.1997392033e-06  1.3197535267719e-05 6.19338955613565e-06
   0.143573591768219  0.00168571653603289    1.34453344924e-05     1.1504611139e-06 1.28168215421832e-05 5.83355403357887e-06
   0.145727195644742  0.00171100228407336     1.4768953678e-05     1.1851046965e-06 1.30392909968641e-05 5.49467391725624e-06
   0.147913103579413  0.00173666731833447     1.3468146964e-05     1.0975622593e-06 1.35958298309903e-05 5.17552463504693e-06
   0.150131800133105  0.00176271732810949    1.20435599873e-05     1.0729982769e-06 1.37513507954455e-05 4.87495353770864e-06
   0.152383777135101  0.00178915808803115    1.35443508482e-05      1.168226846e-06 1.32271516742339e-05 4.59187564339297e-06
   0.154669533792128  0.00181599545935162    1.43642646302e-05     1.1311831201e-06  1.2457161955181e-05 4.32526963664005e-06
   0.156989576799009  0.00184323539124187    1.10240444597e-05     1.0813497208e-06 1.19418105326192e-05 4.07417410640171e-06
   0.159344420450995  0.00187088392211051    1.32656138134e-05     1.1045629482e-06 1.16327877547286e-05 3.83768400860148e-06
    0.16173458675776  0.00189894718094217    1.17196529412e-05     1.1104406437e-06 1.11278703916915e-05 3.61494733963569e-06
   0.164160605559126   0.0019274313886563     8.2485483138e-06      9.298598679e-07 1.02838139054421e-05 3.40516200806074e-06
   0.166623014642513  0.00195634285948613     9.8130048241e-06       9.36670004e-07 9.36026522641314e-06 3.20757289249733e-06
    0.16912235986215  0.00198568800237843       7.97475869e-06        9.3851854e-07 8.59629714065739e-06 3.02146907451945e-06
   0.171659195260083  0.00201547332241413      8.379979478e-06      9.477544383e-07 7.91849700470237e-06 2.84618123598651e-06
   0.174234083188984  0.00204570542225034     6.5633034894e-06      9.039045724e-07  7.1518602954593e-06 2.68107921092305e-06
   0.176847594436819  0.00207639100358408     4.9448556106e-06      8.473923404e-07 6.31259902743034e-06 2.52556968265682e-06
   0.179500308353371  0.00210753686863783     4.1852088944e-06      8.433929723e-07 5.54536933741073e-06 2.37909401749403e-06
   0.182192812978671   0.0021391499216674     3.6095203695e-06       8.21505224e-07 4.89346406526144e-06 2.24112622674283e-06
   0.184925705173351  0.00217123717049243     2.4953828128e-06       8.41257439e-07 4.28465245298628e-06 2.11117104939557e-06
   0.187699590750952  0.00220380572804979     1.5185449081e-06      7.874099781e-07 3.69271279906058e-06 1.99001448513342e-06
   0.190515084612216  0.00223686281397055     2.3140533443e-06      7.313829643e-07 3.21750890475084e-06  1.8901220726179e-06
   0.193372810881399  0.00227041575618008      6.947672208e-07      7.795815202e-07 2.95633056579678e-06   1.831130607771e-06
