# intensity: 0.863215326077645
# background: 0
#           Q (1/A)             dQ (1/A)                    R                   dR               theory              fresnel
  0.0079921268598835 9.40519315655745e-05    0.959352659111254   0.0863329197721766    0.863215326077646    0.863215326077646
  0.0081120087627818 9.54627105390213e-05    0.977761005331445   0.0782685578600449    0.863215326077645    0.863215326077645
  0.0082336888942235 9.68946511971489e-05    0.666208624918063   0.0668104430386138    0.863215326077645    0.863215326077646
  0.0083571942276368 9.83480709650638e-05    0.901028432507553   0.0697023985696759    0.863215326077646    0.863215326077646
  0.0084825521410514 9.98232920295745e-05    0.916843704401216   0.0689288296500538    0.863215326077646    0.863215326077645
  0.0086097904231672     0.00010132064141    0.964071254137183   0.0675588560352873    0.863215326077646    0.863215326077646
  0.0087389372795147 0.000102840451031149    0.960485284908037   0.0634193195824152    0.863215326077646    0.863215326077646
  0.0088700213387074 0.000104383057796638    0.880057042236732   0.0578794225996152    0.863215326077645    0.863215326077645
   0.009003071658788 0.000105948803663574    0.960240302722626   0.0552449516133114    0.863215326077646    0.863215326077645
  0.0091381177336698 0.000107538035718511     0.90941001583039    0.052826290269249    0.863215326077645    0.863215326077646
  0.0092751894996749 0.000109151106254298    0.941426978290359   0.0527185011694044    0.863215326077644    0.863215326077645
    0.00941431734217 0.000110788372848128    0.953643949461354   0.0477218203495499    0.863215326077649    0.863215326077645
  0.0095555321023025 0.000112450198440851    0.978014290043151   0.0521279932425401    0.863215326077656    0.863215326077645
  0.0096988650838371  0.00011416783083583    0.869401348939724   0.0484809803214012     0.86321532607765    0.863215326077646
  0.0098443480600946 0.000115880348298383    0.901976598628091   0.0793650632334033    0.863215326077645    0.863215326077645
   0.009992013280996 0.000117618553522851    0.830661271521954   0.0801286030407704    0.863215326077645    0.863215326077645
   0.010141893480211 0.000119382831825702    0.925207440102119   0.0749050673474841    0.863215326077645    0.863215326077645
  0.0102940218824141 0.000121173574303064    0.901273559993184   0.0714618678883406    0.863215326077646    0.863215326077646
  0.0104484322106503 0.000122991177917617     1.08565673491723   0.0760980788073943    0.863215326077646    0.863215326077646
  0.0106051586938101 0.000124836045586383    0.912413426761278   0.0652190195696624    0.863215326077646    0.863215326077646
  0.0107642360742173  0.00012670858627017    0.777662203264577   0.0597506032110479    0.863215326077645    0.863215326077645
  0.0109256996153305 0.000128609215064213     0.85416867009807   0.0566460330111272    0.863215326077645    0.863215326077645
  0.0110895851095605  0.00013053835329017    0.733322688810685   0.0513855854121584    0.863215326077645    0.863215326077645
  0.0112559288862039 0.000132496428589532    0.599144591879691   0.0471278619651368    0.863215326077646    0.863215326077645
  0.0114247678194969 0.000134483875018383    0.765845445818249   0.0488277346406301    0.863215326077645    0.863215326077645
  0.0115961393367894  0.00013650113314366      0.9025139585068   0.0511502184223812    0.863215326077645    0.863215326077645
  0.0117700814268412 0.000138548650140809    0.865159342203867   0.0610307839983628    0.863215326077645    0.863215326077645
  0.0119466326482438 0.000140588843992383    0.949994430692119   0.0600199350647557    0.863215326077646    0.863215326077645
  0.0121258321379675 0.000142697676652255    0.994219929084761    0.112507543460286    0.863215326077646    0.863215326077645
   0.012307719620037 0.000144838141802043    0.939756012610899    0.104394746411021    0.863215326077645    0.863215326077645
  0.0124923354143376 0.000147010713929064    0.850502243602394   0.0946497075822084    0.863215326077645    0.863215326077645
  0.0126797204455526    0.000149215874638    0.937932740904165    0.096313890321653    0.863215326077645    0.863215326077645
  0.0128699162522359 0.000151454112757574    0.953475820512689   0.0950700467841092    0.863215326077645    0.863215326077645
  0.0130629649960195 0.000153725924448936    0.913007322999472   0.0908836420709694    0.863215326077645    0.863215326077645
  0.0132589094709597 0.000156031813315702    0.942869569376723   0.0893941204244186    0.863215326077645    0.863215326077645
  0.0134577931130241 0.000158372290515404    0.974260719848404   0.0898724074259334    0.863215326077645    0.863215326077646
  0.0136596600097195 0.000160747874873149    0.911630485243784   0.0858435451173232    0.863206005782093    0.863084335603727
  0.0138645549098653 0.000163159092996255    0.981411404554406   0.0870842425838354    0.862883469496186    0.858827366345082
  0.0140725232335133 0.000165606479391191    0.984575262316618   0.0846687039227537    0.859556974130675    0.820655481907443
   0.014283611082016 0.000168090576582085    0.851260999310404   0.0745762433387665    0.845275556643686    0.689076055083806
  0.0144978652482462 0.000170611935230809    0.820232369649995   0.0698815356359592    0.816407421203387     0.48943339709792
  0.0147153332269699 0.000173171114259277    0.720186637438975   0.0621753469759958    0.781455652153808    0.343445021111313
  0.0149360632253744 0.000175768680973149    0.734847762638329   0.0620195319176605    0.742761944349647    0.265709241744525
  0.0151601041737551 0.000178405211187745    0.700077479935467   0.0588293821955902    0.697418527267862    0.217519776091864
  0.0153875057363614 0.000181081289355574    0.612270792086059   0.0524156260915706    0.644055997335642     0.18292492895983
  0.0156183183224068 0.000183797508695872    0.502072505327924   0.0306104134842339    0.582933645812463    0.156473780113722
  0.0158525930972429  0.00018655447132634    0.471139159574142   0.0284808691637709    0.515810973430692     0.13550172911186
  0.0160903819937015 0.000189404017239319    0.431994505990859   0.0362209410551845    0.445813485573156    0.118453151926423
  0.0163317377236071 0.000192245077497915    0.324511911943238   0.0289186384133375    0.376850778086582    0.104332712813653
  0.0165767137894612 0.000195128753660383    0.303047781947692   0.0262831404101458    0.312670060825443    0.092467111797353
  0.0168253644963031 0.000198055684965277    0.278181687187118   0.0246269067997413    0.255943797802528   0.0823790910456834
  0.0170777449637476 0.000201026520239745    0.189921784441506   0.0199355551438219    0.207808123322014   0.0737192101644688
  0.0173339111382038 0.000204041918043362     0.14241892052721    0.015492511561257    0.167987756552911   0.0662246857807697
  0.0175939198052769    0.000207102546814    0.142254538849113   0.0147787307895274    0.135315593249145   0.0596935268824817
   0.017857828602356 0.000210209085016213    0.105203065507134   0.0134983032660467    0.108333223202629   0.0539676020261828
  0.0181256960313914 0.000213362221291447   0.0697558887943671   0.0105480062175138     0.08574748623627   0.0489211742289632
  0.0183975814718623 0.000216562654610809   0.0561097438733768   0.0087464342354244   0.0666705906869956   0.0444529155311394
  0.0186735451939402     0.00021981109443   0.0396436506045826   0.0079208994801057   0.0506727955143085   0.0404802095465677
  0.0189536483718493 0.000223108260846426   0.0390949590360577   0.0067964348461589   0.0377088710913474   0.0369350009750242
   0.019237953097427 0.000226454884759149   0.0203348004228777   0.0044344045443101   0.0279743218087331   0.0337607165953159
  0.0195265223938884 0.000229851708030511   0.0252755598710645   0.0050944630641271   0.0217349449448827   0.0309099442342796
  0.0198194202297968 0.000233299483650979   0.0101186812822384   0.0042397496414725   0.0191653277744505   0.0283426580209658
  0.0201167115332437 0.000236798975905745   0.0213632262192617   0.0044568953543334   0.0202263185673723   0.0260248439412657
  0.0204184622062424  0.00024035096054434   0.0276531706880829   0.0051923466918152   0.0246025909170646   0.0239274231123653
   0.020724739139336 0.000243956224952468   0.0259381848372337   0.0055091571521326   0.0317068755000969   0.0220253994712862
   0.021035610226426 0.000247615568326766   0.0470589201056769   0.0063374054545709    0.040740651187078   0.0202971786893965
  0.0213511443798224  0.00025132980185166   0.0498485299418204    0.006315488582682   0.0507884899280376    0.018724019185228
  0.0216714115455197 0.000255099748879447   0.0503899884348969   0.0061223475892484   0.0609195398872408   0.0172895860868579
  0.0219964827187025 0.000258926245112638    0.075775321126568   0.0070077135784716   0.0702748100485513    0.015979586177313
  0.0223264299594831 0.000262810138789319    0.070045802569237    0.006780884672307   0.0781289798759141   0.0147814670925694
  0.0226613264088753 0.000266752290871191   0.0910439078373452    0.007585178069949   0.0839254188129484   0.0136841679044357
  0.0230012463050085 0.000270753575234255    0.088460517116932   0.0042678308268021   0.0872896769040918   0.0126779111014768
  0.0233462649995836 0.000274814878862766   0.0850417325697336    0.003952892878778     0.08802909533442   0.0117540281515581
  0.0236964589745773 0.000278937102045702   0.0832687251887954    0.003862586874678   0.0861253057646979   0.0109048124802008
   0.024051905859196 0.000283121158576383     0.08567799361558   0.0040547574688452   0.0817237311088174   0.0101233949653211
  0.0244126844470839 0.000285589001957787   0.0728875775395526   0.0031914816015951   0.0751260960431756  0.00940313786265904
  0.0247788747137902 0.000289872836987149   0.0677508109857383   0.0029459926099161   0.0667512740158689  0.00873958633644185
   0.025150557834497 0.000294220929541957   0.0552386815284451   0.0024589299700132   0.0571506117623935  0.00812726197344047
  0.0255278162020145 0.000298634243485106   0.0482839794204103   0.0021840115245077   0.0469462463979651  0.00756172888802309
  0.0259107334450447 0.000303113757137362   0.0380292077891155    0.001805719174639   0.0367932400227563  0.00703899015286304
  0.0262993944467204 0.000307660463494425   0.0269254844996092   0.0013719828363006    0.027324121425422  0.00655543780364394
  0.0266938853634212 0.000312275370446851   0.0209426415944552    0.001151640292346   0.0190894066536201  0.00610780936950366
  0.0270942936438725 0.000316959501003574    0.013458424506409   0.0008601726802953   0.0125034838825136  0.00569314996389769
  0.0275007080485306 0.000321713893518596    0.009242792897109   0.0006591590098304  0.00780617802824014  0.00530877913026932
  0.0279132186692585 0.000326539601921404   0.0049134761796699   0.0005153186030348  0.00504789700999316  0.00495226176743226
  0.0283319169492974 0.000331437695950213    0.004168731370886   0.0005005390074748  0.00410103079873577  0.00462138256673513
  0.0287568957035369 0.000336409261389447   0.0053744463569496   0.0004910243443424  0.00469409523923163  0.00431412348145318
  0.0291882491390899 0.000341455400310298    0.006566286980133   0.0005520596468143  0.00646028061512949  0.00402864382203436
  0.0296260728761763 0.000346577231314979   0.0085194101811572   0.0006280890881457  0.00899013352346122  0.00376326263167633
  0.0300704639693189 0.000351775889784681   0.0122721148051846    0.000752126584641   0.0118792303448062  0.00351644304749623
  0.0305215209288587 0.000357052528131447      0.0159076287477   0.0008833656879523   0.0147648581346512  0.00328677839509241
  0.0309793437427915 0.000362408316053404   0.0177735816972228    0.000951296522311   0.0173494277288288  0.00307297980006035
  0.0314440338989334 0.000367844440794213    0.019695731075633   0.0010187486686665   0.0194114154360154   0.0028738651301814
  0.0319156944074174 0.000373362107406128   0.0214969067898799   0.0010963144554278   0.0208064996827231  0.00268834910752477
  0.0323944298235287 0.000378962539017234   0.0227197038896666   0.0011323215117368   0.0214622239602167  0.00251543445135994
  0.0328803462708816 0.000384646977102511   0.0229336382648062   0.0011623726432437   0.0213692807550662  0.00235420393121605
  0.0333735514649448 0.000390416681759021   0.0199654879104709   0.0010502562907449   0.0205717459864418  0.00220381322516294
   0.033874154736919 0.000396272931985404   0.0180931782384039   0.0009603303656931   0.0191576157401169  0.00206348449186332
  0.0343822670579728 0.000402217025965191   0.0183473449511538   0.0009848072895454   0.0172500388262398  0.00193250057650893
  0.0348980010638424 0.000408250281354681   0.0150965800195732   0.0008454839446888   0.0149988697178256  0.00181019978070463
     0.0354214710798 0.000414374035574979   0.0134364988737236   0.0007613705031108   0.0125717168364732   0.0016959711349478
   0.035952793145997 0.000420589646108596    0.011216681439234   0.0006694922246578    0.010143620520672  0.00158925011977143
  0.0364920850431869 0.000426898490800255   0.0084633669638673   0.0005591857331122  0.00788488722365211  0.00148951478805098
  0.0370394663188347 0.000433301968162255   0.0061380989423308   0.0004603625003647  0.00594735548559497  0.00139628224656064
  0.0375950583136173 0.000439801497684681    0.005182791140308   0.0004201361376611   0.0044502809005392  0.00130910545972667
  0.0381589841883215 0.000446398520149957    0.003479969156666   0.0003222948722776  0.00346781352352735  0.00122757034276522
  0.0387313689511463 0.000453094497952213   0.0030903406677309   0.0003134846217674  0.00302039822058668  0.00115129311509799
  0.0393123394854135 0.000459890915421489   0.0032915203044359   0.0003344429186417  0.00307215236726068  0.00107991788818377
  0.0399020245776947 0.000466789279152809   0.0039284010042373   0.0003528162275371  0.00353536357599711  0.00101311446474976
  0.0405005549463601 0.000473791118340085   0.0047540596183017   0.0003918687552453  0.00428192920466731 0.000950576328908538
  0.0411080632705555 0.000480897985115191   0.0051370523696158   0.0004124980393074  0.00516020759036262 0.000892018808848323
  0.0417246842196139 0.000488111454891915   0.0063956487896406   0.0004570892728538  0.00601474734760484 0.000837177395726644
  0.0423505544829081 0.000495433126715319    0.006968022854751   0.0004846363620843  0.00670593858873319 0.000785806204112809
  0.0429858128001517 0.000502864623616043   0.0068710724485851   0.0004765680859277  0.00712680868537508  0.00073767656084247
   0.043630599992154 0.000510407592970298   0.0071400134207317    0.000483081232428  0.00721481039234156   0.0006925757104928
  0.0442850589920363 0.000518063706864851   0.0073926067995922   0.0005015781866982  0.00695729696232396 0.000650305626880303
  0.0449493348769168 0.000525834662467787   0.0063538819113983   0.0002780430659323  0.00639025761198233 0.000610681921044316
  0.0456235749000706 0.000536367095156298   0.0053044152334242   0.0002513387861521  0.00559051152168546 0.000573553847495704
  0.0463079285235716 0.000541728015140894    0.004380253551635   0.0002148533420903  0.00466375781804446 0.000538698328375669
  0.0470025474514252    0.000549853935368    0.003490639586135   0.0001899476562186  0.00372632720612456  0.00050602920633765
  0.0477075856631966 0.000558101744398511   0.0028109238291345   0.0001633640033771  0.00288935809690522 0.000475386356803077
  0.0484231994481445 0.000569280484553532   0.0023872995380564   0.0001583481913071  0.00224249603275197 0.000446656222007721
  0.0491495474398667 0.000574970369622979   0.0017658255686683   0.0001278347901927  0.00183635607374589 0.000419669107974923
  0.0498867906514647 0.000583594925167319   0.0016425670218435   0.0001240553306545   0.0016860312446198 0.000394360619899571
  0.0506350925112366 0.000592348849044808   0.0019833033944918   0.0001353446179897  0.00176112765409415 0.000370609041988392
  0.0513946188989052 0.000604213556387234   0.0019706473626359   0.0001101240605957  0.00199833700803766 0.000348328368740944
  0.0521655381823887 0.000613276759733064   0.0022572684705687   0.0001217419713218  0.00231211566500245 0.000327400711467026
  0.0529480212551246 0.000622475911129064   0.0026953588394947   0.0001389628663347  0.00261309561830579 0.000307753414296588
  0.0537422415739514    0.000631813049796   0.0026577325667438   0.0001357752269871  0.00282257227662463 0.000289306081617371
  0.0545483751975607 0.000641290245542936   0.0029357578979801    0.000146845332265  0.00288671960142977 0.000271983552391692
  0.0553666008255241 0.000650909599226085   0.0028516091459582   0.0001433652071505  0.00278509259342385 0.000255715542338268
   0.056197099837907 0.000660673243214468   0.0025486258251765   0.0001303841057779  0.00253245352795055 0.000240436312135892
  0.0570400563354756 0.000670583341862681   0.0020814282165234   0.0001095064640665  0.00217364913704894 0.000226084359611593
  0.0578956571805077 0.000680642091990638   0.0017544156789624    9.48592517998e-05  0.00177259806701128 0.000212602134048948
  0.0587640920382153 0.000690851723370468   0.0014041422877871    8.01851668164e-05  0.00139766559203447 0.000199935770909409
  0.0596455534187885 0.000701214499221021   0.0010381149255039    6.38614623362e-05  0.00110655386621395 0.000188034845402207
  0.0605402367200703 0.000711732716709362   0.0008772175446359    5.72161846688e-05 0.000934068120668083 0.000176852143468147
  0.0614483402708714     0.00072240870746   0.0008902525910557     5.8327020969e-05 0.000885569815922536 0.000166343448860654
  0.0623700653749344 0.000733244838071872   0.0008843144877284    5.68833033404e-05  0.00093763036970495 0.000156467345114962
  0.0633056163555585 0.000744243510642979   0.0010121847802936    6.24564335232e-05  0.00104563191208324 0.000147185031294288
  0.0642552006008918 0.000755407163302596   0.0012769167537767    7.37525509459e-05  0.00115628925326054 0.000138460150491248
  0.0652190286099052  0.00076673827075217   0.0012606340758339    7.39209666389e-05  0.00122178997860426 0.000130258630144303
  0.0661973140390538 0.000778239344813447   0.0012481324880561    7.30427458423e-05  0.00121183345721715  0.00012254853330362
  0.0671902737496396  0.00078991293498566   0.0011785377454649    6.87392225981e-05   0.0011204191820182 0.000115299920048806
  0.0681981278558842 0.000801761629010426   0.0010421726953959    6.35535604428e-05 0.000965656528998566  0.00010848471832336
  0.0692210997737224 0.000813788053445574   0.0007479360213952    4.98941592875e-05 0.000782795198341308 0.000102076603507753
  0.0702594162703283 0.000825994874247277   0.0006168591241885     4.3566598002e-05 0.000612616907011794 9.60508861053308e-05
  0.0713133075143832 0.000838384797360979   0.0005176486963021    3.96196506187e-05 0.000488734081696427 9.03844069631816e-05
  0.0723830071270989 0.000850960569321404    0.000461750955097    3.65063718756e-05 0.000427731474998335 8.50554394941073e-05
  0.0734687522340054 0.000863724977861191   0.0004402513938341     3.4377536128e-05  0.00042523096646294 8.00435984062084e-05
  0.0745707835175154 0.000876680852529106   0.0004756193251552    3.58024078335e-05 0.000459030705183907 7.53297544836884e-05
  0.0756893452702782 0.000889831065317064   0.0004753715842974    3.57970510379e-05 0.000498064585892523 7.08959549965779e-05
  0.0768246854493324 0.000903178531296808   0.0005191360833786    3.78302725614e-05 0.000513892777025746 6.67253493484552e-05
  0.0779770557310723 0.000916726209266255   0.0004653765066443    3.52588681986e-05 0.000490542684450614 6.28021196000815e-05
  0.0791467115670384 0.000930477102405277   0.0004007441078251    3.15532098416e-05 0.000429157471074285 5.91114155334587e-05
   0.080333912240544 0.000944434258941362   0.0003629840816625    2.96825619585e-05 0.000345899078849438 5.56392939453086e-05
  0.0815389209241521 0.000958600772825447   0.0002212081537038    2.34662671234e-05 0.000264185699422972  5.2372661881534e-05
  0.0827620047380144  0.00097297978441783   0.0001979029916533    2.06914000825e-05 0.000204601061650658 4.92992235450558e-05
  0.0840034348090846 0.000987574481184128   0.0001647706506136      1.955582431e-05 0.000176734855611636 4.64074306286356e-05
  0.0852634863312209  0.00100238809840187   0.0001657777230335    2.01386000942e-05 0.000176321462519154 4.36864358420299e-05
  0.0865424386261892  0.00101742391987791   0.0002363190315606    2.33826793218e-05 0.000188640058294534 4.11260494192236e-05
   0.087840575205582  0.00103268527867609   0.0001980094464585    2.10234151177e-05 0.000196274320192397  3.8716698406632e-05
  0.0891581838336657  0.00104817555785621   0.0001819282287546    1.10747352603e-05 0.000187363241737711 3.64493885471771e-05
  0.0904955565911707  0.00106237310061843   0.0001575301056902    1.05638793675e-05 0.000160402688949187 3.43148071082693e-05
  0.0918529899400382  0.00107985666409243   0.0001145873752077     9.2007097307e-06   0.0001234902042157 3.23075968524092e-05
  0.0932307847891388  0.00109605451405379    8.38198495194e-05     7.4788828254e-06 8.89724904535162e-05 3.04177099248236e-05
  0.0946292465609759   0.0011124953317646    6.85521743186e-05     7.4821832396e-06 6.64883974718431e-05 2.86389933136678e-05
  0.0960486852593905  0.00112918276174106      5.280397492e-05     5.3281318809e-06 5.84022891907112e-05 2.69648539593317e-05
  0.0974894155382814  0.00114612050316719    5.24722413091e-05     6.7220731644e-06 5.97290140785645e-05 2.53890944690605e-05
  0.0989517567713556  0.00116331231071468    6.41909748155e-05     5.8894910819e-06 6.20914361874756e-05 2.39058889658913e-05
   0.100436033122926  0.00117906938132506     6.0136171145e-05     3.4369602744e-06 5.89474386913342e-05 2.25091971266503e-05
    0.10194257361977  0.00119675542204494    5.24435007213e-05     3.0457661183e-06 4.88438385901261e-05  2.1195029334383e-05
   0.103471712224066  0.00121470675337562    3.82836224435e-05     2.3560282729e-06 3.51839772767997e-05 1.99579455887373e-05
   0.105023787907427  0.00123292735467626    2.63485700956e-05     1.7548351619e-06 2.31169175500108e-05 1.87933934519398e-05
   0.106599144726039  0.00125142126499638    1.56590760527e-05     1.2811051835e-06 1.60668249507575e-05 1.76970920302516e-05
   0.108198131896929  0.00127019258397132    1.43775810364e-05     1.2057914642e-06 1.40961624373123e-05 1.66650155435989e-05
   0.109821103875383  0.00128924547273089    1.64801880871e-05     1.2611700172e-06 1.47206306515555e-05 1.56933779096611e-05
   0.111468420433514  0.00130858415482187    1.47850214181e-05     1.2040578049e-06 1.50588166472545e-05 1.47786182780131e-05
   0.113140446740017  0.00132821291714417    1.42031897826e-05     1.1550739982e-06 1.36031959504662e-05  1.3917387454159e-05
   0.114837553441117  0.00134813611090136    1.02965393362e-05     1.0062822148e-06  1.0628958305273e-05 1.31065351572484e-05
   0.116560116742734  0.00136835815256485     7.1481290763e-06      8.826819395e-07 7.45126939540443e-06 1.23430980589394e-05
   0.118308518493875  0.00138888352485336      4.595653253e-06      8.332175586e-07 5.37949550196656e-06 1.16242885543042e-05
   0.120083146271283  0.00140971677772613     6.0432750764e-06      7.889102202e-07 5.02376227150808e-06 1.09474842188625e-05
   0.121884393465352  0.00143086252939204     3.7876077144e-06      8.664591072e-07 6.10655091633049e-06 1.03102179088063e-05
   0.123712659367332  0.00145232546733289     6.8242587663e-06      8.427044099e-07 7.68985818855811e-06 9.71016846425276e-06
   0.125568349257842  0.00147411034934289     7.9959274767e-06      9.592763396e-07 8.73495654095414e-06 9.14515197795227e-06
    0.12745187449671  0.00149622200458306     8.6499294754e-06       9.87340234e-07 8.79188600818516e-06 8.61311359429008e-06
    0.12936365261416  0.00151866533465179     6.4466298779e-06      9.474575586e-07 8.34230815533485e-06 8.11211980567536e-06
   0.131304107403373  0.00154144531467157     9.9137124917e-06      9.394913051e-07 8.37696650798909e-06 7.64035121551192e-06
   0.133273669014423  0.00156456699439166    1.00820218486e-05      9.979916151e-07 9.44655418409462e-06 7.19609573891017e-06
    0.13527277404964  0.00158803549930753    1.25525747862e-05     1.1002340636e-06 1.10898891961506e-05 6.77774221413178e-06
   0.137301865660384  0.00161185603179715    1.42559715577e-05     1.1517501357e-06 1.23011720106061e-05 6.38377439947029e-06
    0.13936139364529  0.00163603387227409    1.35340604395e-05     1.0869206638e-06 1.25857631757187e-05 6.01276533187173e-06
   0.141451814549969  0.00166057438035821    1.23137995046e-05     1.0594542233e-06 1.24220336828289e-05 5.66337202509564e-06
   0.143573591768219  0.00168548299606357    1.30936383966e-05     1.0845569179e-06 1.26022640359442e-05   5.334330486611e-06
   0.145727195644742  0.00171076524100451    1.44857500436e-05     1.1482731172e-06 1.32755021387407e-05 5.02445103372964e-06
   0.147913103579413  0.00173642671961962    1.24887361062e-05     1.0765182932e-06  1.3858227343196e-05 4.73261389070296e-06
   0.150131800133105  0.00176247312041387    1.18344465944e-05     1.0323918038e-06 1.38368042074539e-05 4.45776504964789e-06
   0.152383777135101  0.00178891021722009    1.28210715664e-05     1.0547087781e-06 1.33627444524878e-05 4.19891237923804e-06
   0.154669533792128  0.00181574387047838    1.39549549617e-05     1.0752030895e-06 1.29256751953265e-05  3.9551219660962e-06
   0.156989576799009  0.00184298002853557    1.35154591026e-05     1.0911231217e-06 1.26740163082833e-05 3.72551467475982e-06
   0.159344420450995  0.00187062472896362    1.29557994873e-05     1.0385662268e-06 1.23236956385199e-05 3.50926291296795e-06
    0.16173458675776  0.00189868409989804     1.3600318173e-05     1.0696752479e-06 1.16490456544149e-05 3.30558758983726e-06
   0.164160605559126  0.00192716436139655    1.17582977508e-05      9.835723537e-07 1.07734424841074e-05 3.11375525526406e-06
   0.166623014642513  0.00195607182681749     9.0110169091e-06      9.624463585e-07 9.92271284577489e-06 2.93307540960696e-06
    0.16912235986215  0.00198541290421974    1.01709673837e-05      9.467213458e-07  9.1187847342469e-06 2.76289797337964e-06
   0.171659195260083  0.00201519409778302    1.02699690733e-05      9.610822254e-07 8.24570811469509e-06 2.60261090731397e-06
   0.174234083188984  0.00204542200924979     7.8344087315e-06      9.211960041e-07 7.28076692056735e-06 2.45163797374489e-06
   0.176847594436819  0.00207610333938855     5.9908237254e-06      8.727111471e-07 6.31748329209332e-06 2.30943663082264e-06
   0.179500308353371  0.00210724488947936     5.7412776925e-06       8.07830183e-07 5.42055146374659e-06 2.17549605157773e-06
   0.182192812978671  0.00213885356282153     3.8107588612e-06      7.964250035e-07 4.57471857571436e-06 2.04933526035023e-06
   0.184925705173351  0.00217093636626387       5.36246768e-06      7.298173374e-07 3.76219328106761e-06  1.9305013795522e-06
   0.187699590750952  0.00220350041175783      7.228838945e-07      7.479714188e-07 3.01576439457307e-06 1.81971194796349e-06
   0.190515084612216  0.00223655291793421      2.108583401e-06      7.037241665e-07 2.43362266300466e-06 1.72836326856692e-06
   0.193372810881399  0.00227010121170319     1.3607268375e-06      7.486637802e-07 2.10819841194458e-06  1.6744178941645e-06
