# intensity: 0.937019694578102
# background: 0
#           Q (1/A)             dQ (1/A)                    R                   dR               theory              fresnel
  0.0079921268598835 9.46967186667234e-05    0.935775304999934   0.0862941853055143    0.937019694578102    0.937019694578102
  0.0079921268598835 9.46967186667234e-05    0.935775304999934   0.0862941853055143    0.937019694578102    0.937019694578102
  0.0081120087627818 9.61171694467234e-05     1.03617380209657   0.0797247572775687    0.937019694578101    0.937019694578102
  0.0082336888942235 9.75589269884255e-05    0.906574455739892   0.0752388078079799    0.937019694578101    0.937019694578102
  0.0083571942276368  9.9022310893234e-05     1.00346927222129   0.0744255283353948    0.937019694578101    0.937019694578102
  0.0084825521410514 0.000100507645556638      1.0438889263609   0.0703250981569978    0.937019694578101    0.937019694578102
  0.0086097904231672     0.00010201526024    0.985371065733764   0.0650680719865648    0.937019694578102    0.937019694578102
  0.0087389372795147 0.000103545489143574    0.921388093831537   0.0594353641030545    0.937019694578102    0.937019694578102
  0.0088700213387074 0.000105098671480723    0.976692821427668   0.0608270547890351    0.937019694578102    0.937019694578102
   0.009003071658788 0.000106675151552936    0.929358532962088    0.055671247283004    0.937019694578103    0.937019694578102
  0.0091381177336698 0.000108275278826255     1.00108821639957   0.0543266291118797    0.937019694578102    0.937019694578102
  0.0092751894996749 0.000109899408008638     1.01911312382787   0.0528347866007471    0.937019694578102    0.937019694578102
    0.00941431734217 0.000111547899128766     1.05396977601333   0.0499770089062238    0.937019694578102    0.937019694578102
  0.0095555321023025 0.000113221117615702    0.931726959641451   0.0513339313492205    0.937019694578102    0.937019694578102
  0.0096988650838371 0.000114136951417447     1.01724452730172   0.0510992769873864    0.937019694578102    0.937019694578102
  0.0098443480600946 0.000115849005688723    0.889761543211851   0.0813210031619666    0.937019694578102    0.937019694578102
   0.009992013280996 0.000117586740774043    0.982129047743312   0.0817568025196859    0.937019694578102    0.937019694578102
   0.010141893480211  0.00011935054188566     1.01233569755084   0.0789240440653571    0.937019694578102    0.937019694578102
  0.0102940218824141 0.000121140800013957     1.02760296320922    0.073758570075835    0.937019694578102    0.937019694578102
  0.0104484322106503 0.000122957912014128    0.884649224174639   0.0664029011757707    0.937019694578102    0.937019694578102
  0.0106051586938101  0.00012480228069434    0.971236494616606   0.0680569807669336    0.937019694578102    0.937019694578102
  0.0107642360742173 0.000126674314904766    0.903435780592848   0.0619149906997085    0.937019694578102    0.937019694578102
  0.0109256996153305  0.00012857442962834    0.920895691433368   0.0616299058356034    0.937019694578103    0.937019694578102
  0.0110895851095605 0.000130503046072766    0.931765534686602   0.0580837244673586    0.937019694578103    0.937019694578102
  0.0112559288862039 0.000132460591763872    0.875507694583624   0.0527655938740977    0.937019694578103    0.937019694578102
  0.0114247678194969  0.00013444750064034    0.892640069824352   0.0510060817294876    0.937019694578102    0.937019694578102
  0.0115961393367894 0.000136464213149915    0.776178442073872   0.0477860717463048    0.937019694578102    0.937019694578102
  0.0117700814268412 0.000138511176347191     0.80096863152384   0.0551220631259644    0.937019694578102    0.937019694578102
  0.0119466326482438 0.000140588843992383     0.88111556303654    0.056463673691112    0.937019694578102    0.937019694578102
  0.0121258321379675 0.000142697676652255     0.79303807913443   0.0961268775325364    0.937019694578103    0.937019694578102
   0.012307719620037 0.000144838141802043    0.909096572412912   0.0998409193967509    0.937019694578102    0.937019694578102
  0.0124923354143376 0.000147010713929064    0.961832020521166    0.100628070857161    0.937019694578102    0.937019694578102
  0.0126797204455526    0.000149215874638    0.962126500635673   0.0995196552434383    0.937019694578102    0.937019694578102
  0.0128699162522359 0.000151454112757574     1.12264774177413    0.106777520146001    0.937019694578102    0.937019694578102
  0.0130629649960195 0.000153725924448936     1.05605798784846   0.0993786087160263    0.937019694578102    0.937019694578102
  0.0132589094709597 0.000156031813315702    0.997071591108498   0.0931123018219527    0.937019694578102    0.937019694578102
  0.0134577931130241 0.000158372290515404     1.19553612764442    0.105765288337141    0.937019694578102    0.937019694578102
  0.0136596600097195 0.000160747874873149     0.96457470873973   0.0871142164152718    0.937010987337966    0.936877504500892
  0.0138645549098653 0.000163159092996255    0.914589443682934   0.0819267989959931    0.936710453770622    0.932256567042925
  0.0140725232335133 0.000165606479391191    0.958156468142485   0.0817103326105914    0.933627578873012    0.890821010448081
   0.014283611082016 0.000168090576582085    0.891335229956403   0.0774371602690047    0.920493167166774    0.747991625229361
  0.0144978652482462 0.000170611935230809    0.893775177566527    0.075107486991458    0.894189795047604     0.53127964531038
  0.0147153332269699 0.000173171114259277    0.813516627807501   0.0678280574544322    0.862697046323119    0.372809354820405
  0.0149360632253744 0.000175768680973149    0.845149827903948   0.0684494732051694      0.8279057838996     0.28842721511601
  0.0151601041737551 0.000178405211187745    0.782648249976762    0.063296407349225    0.786533007599168    0.236117580400747
  0.0153875057363614 0.000181081289355574    0.678081903851092   0.0552472520352953    0.736420081291691     0.19856489555567
  0.0156183183224068 0.000183797508695872    0.600275093473188   0.0345595959205538    0.676636873697713    0.169852190087798
  0.0158525930972429  0.00018655447132634    0.570807513427135   0.0331415591636541    0.607616877176026    0.147087041890379
  0.0160903819937015 0.000189404017239319    0.524050445362086   0.0423366983330364    0.531536668022859    0.128580822057748
  0.0163317377236071 0.000192245077497915    0.435814200593166   0.0364795550722642    0.452324108122587    0.113253094264873
  0.0165767137894612 0.000195128753660383    0.408656045773535   0.0339302493286646    0.374974972911474    0.100372991810251
  0.0168253644963031 0.000198055684965277     0.26419289858434   0.0246314368185935    0.304302452808643   0.0894224516170195
  0.0170777449637476 0.000201026520239745     0.25385045199192   0.0236170069526779    0.243666240016685   0.0800221563566587
  0.0173339111382038 0.000204041918043362    0.205499831788771   0.0200966487162372    0.194320134616089   0.0718868548428042
  0.0175939198052769    0.000207102546814    0.149565310073939   0.0159580244250718    0.155602871585071   0.0647972859586155
   0.017857828602356 0.000210209085016213    0.119606803158393   0.0138464224546977    0.125691385330437   0.0585817981215243
  0.0181256960313914 0.000213362221291447    0.108770418607527   0.0126326601073144    0.102444158449714   0.0531039039155127
  0.0183975814718623 0.000216562654610809   0.0933508265161525   0.0109763136861268   0.0840092661816681   0.0482536119039524
  0.0186735451939402     0.00021981109443   0.0502966555070917   0.0086766257719278   0.0691129083087798   0.0439412420515465
  0.0189536483718493 0.000223108260846426   0.0591089627364475    0.008687316058531   0.0570935496388768   0.0400929203726233
   0.019237953097427 0.000226454884759149   0.0516202481873166    0.007353454493904    0.047782933558957   0.0366472366710913
  0.0195265223938884 0.000229851708030511   0.0317163448887382   0.0052975653554591   0.0413157415857394   0.0335527250627448
  0.0198194202297968 0.000233299483650979   0.0409354058368982   0.0058964069274022   0.0379233455819768    0.030765937489794
  0.0201167115332437 0.000236798975905745   0.0284538136015627   0.0064579244615573   0.0377506809191741   0.0282499517612759
  0.0204184622062424  0.00024035096054434   0.0406391674606111   0.0055783445984018   0.0407253182540804   0.0259732027681502
   0.020724739139336 0.000243956224952468   0.0421254403941012   0.0060128504120718   0.0464964916458854   0.0239085572997449
   0.021035610226426 0.000247615568326766   0.0541312723385372   0.0067298985325311   0.0544460938607799   0.0220325747258857
  0.0213511443798224  0.00025132980185166   0.0567419212201392   0.0065742605119035   0.0637569730658927   0.0203249110716539
  0.0216714115455197 0.000255099748879447    0.077980839426114   0.0077314179271539   0.0735126522130283   0.0187678348438314
  0.0219964827187025 0.000258926245112638   0.0816879247086608   0.0076895234580323   0.0828009122227399   0.0173458307643665
  0.0223264299594831 0.000262810138789319   0.0899349152642636   0.0080387435581852   0.0908006063374305   0.0160452732499907
  0.0226613264088753 0.000266752290871191   0.0921898574414768   0.0046806716707266   0.0968419699257444   0.0148541556700957
  0.0230012463050085 0.000270753575234255   0.0881613789017776   0.0043093033934509    0.100440523086349   0.0137618645421567
  0.0233462649995836 0.000274814878862766    0.109799083179832   0.0049475416844885    0.101310498850573   0.0127589901799829
  0.0236964589745773 0.000278937102045702   0.0970235654951554   0.0044614547992279   0.0993651877175615   0.0118371671018154
   0.024051905859196 0.000283121158576383   0.0921611504104645   0.0042756798971953   0.0947098861198337   0.0109889388799445
  0.0244126844470839 0.000285898063034553   0.0847238559087794   0.0037145838263949   0.0876343879619856   0.0102071461385752
  0.0247788747137902 0.000290186533980043   0.0781994841089856   0.0034375346827282   0.0785747840035134  0.00948685740235425
   0.025150557834497 0.000294539331989745   0.0697434875693298    0.003073650313324   0.0681216833798559   0.0088221761133504
  0.0255278162020145 0.000298957421969617   0.0581233962324387     0.00264509916423   0.0569561348649279  0.00820828707541982
  0.0259107334450447 0.000303441783299149   0.0458324839795834    0.002164928179449   0.0458037997104604  0.00764085158731699
  0.0262993944467204 0.000307993410048638   0.0391841625256704   0.0019164513477467   0.0353705201949168  0.00711595317194596
  0.0266938853634212 0.000312613311199362   0.0281515574011163   0.0014912758815374   0.0262731693770541  0.00663005038944571
  0.0270942936438725 0.000317302510867362   0.0190455067106415   0.0011210671330195   0.0189768494997539  0.00617993568622857
  0.0275007080485306 0.000322062048530383   0.0159411249763443    0.000984414147815   0.0137505739413967  0.00576269940545758
  0.0279132186692585  0.00032689297925834   0.0114121920068498    0.000805295824904   0.0106505935950593  0.00537569822613074
  0.0283319169492974 0.000331796373947191   0.0094011544068476    0.000734307048981  0.00953419638862147  0.00501652741426971
  0.0287568957035369 0.000336773319556425   0.0094343902268612   0.0007109426670797   0.0100994518044319  0.00468299636564512
  0.0291882491390899 0.000341824919349745   0.0112571060326056    0.000786121001504   0.0119407915613965  0.00437310699891162
  0.0296260728761763     0.00034695229314    0.015192225248366   0.0009434545309027    0.014608323248285  0.00408503462407972
  0.0300704639693189 0.000352156577537106    0.016891836676737   0.0009951945897153   0.0176604308797191  0.00381711096637983
  0.0305215209288587  0.00035743892620017   0.0236483106680631   0.0012296646038344   0.0207031679129759  0.00356780907174976
  0.0309793437427915 0.000362800510093149   0.0237662414610664    0.001240522868777    0.023414381494024  0.00333572985899818
  0.0314440338989334 0.000368242517744553   0.0242296630442073   0.0012466892326629   0.0255540330414186  0.00311959011643223
  0.0319156944074174 0.000373766155510723   0.0290594980557114   0.0014263830334928   0.0269641955693165  0.00291821176844201
  0.0323944298235287 0.000379372647843404   0.0284929105124922   0.0014006817479111   0.0275627701916422  0.00273051226104329
  0.0328803462708816 0.000385063237561021   0.0286379398965403   0.0014587569643669   0.0273344700174514  0.00255549593539642
  0.0333735514649448 0.000390839186124468   0.0252178876349185   0.0013093765050602    0.026321529386532  0.00239224627540325
   0.033874154736919 0.000396701773916298   0.0246983801027724    0.001259165791622   0.0246152978976992  0.00223991893011112
  0.0343822670579728 0.000402652300525064   0.0238997227504161   0.0012491751991163   0.0223486648702785   0.0020977354242053
  0.0348980010638424 0.000408692085032936   0.0205337785671461   0.0011083082669569   0.0196883527349655   0.0019649774806732
     0.0354214710798 0.000414822466308425   0.0164022083550714   0.0009406255632483    0.016825686036466  0.00184098188904121
   0.035952793145997 0.000421044803303064   0.0138420565645635   0.0008333435772144   0.0139645901973557  0.00172513586064076
  0.0364920850431869 0.000427360475352596   0.0101343001425181   0.0006826415865822   0.0113063023742677  0.00161687281934179
  0.0370394663188347 0.000433770882482894   0.0090966431447024   0.0006414062975087  0.00903144114775764  0.00151566858225491
  0.0375950583136173 0.000440277445720128   0.0075199475132731   0.0005508230891299  0.00728137679761944  0.00142103789018172
  0.0381589841883215 0.000446881607405957   0.0052819695199925   0.0004719901844313  0.00614185121668176  0.00133253125219466
  0.0387313689511463 0.000453584831517021    0.005629971049688   0.0004729918584372  0.00563211076827386  0.00124973207275079
  0.0393123394854135 0.000460388603989787    0.006434148135316   0.0004991928022985  0.00570221275902974  0.00117225403326619
  0.0399020245776947 0.000467294433049617   0.0063993850042655    0.000514341248652  0.00623973308962553   0.0010997387031666
  0.0405005549463601 0.000474303849545362   0.0079287335420544   0.0005658498770273  0.00708523718140171  0.00103185335814604
  0.0411080632705555 0.000481418407288553   0.0089341520370037   0.0006115370407774  0.00805413702303685 0.000968288985755189
  0.0417246842196139 0.000488639683397872   0.0087046704483562   0.0006069604044744  0.00896142973195297 0.000908758460549825
  0.0423505544829081 0.000495969278648851   0.0104678923378802   0.0006632344903345  0.00964552214301997 0.000852994872891548
  0.0429858128001517 0.000503408817828596   0.0099902588884752   0.0006392733018747  0.00998781090278734 0.000800749997140878
   0.043630599992154    0.000510959950096   0.0106194873432589   0.0006717493849177  0.00992562471533621 0.000751792886442867
  0.0442850589920363 0.000518624349347447   0.0100208465052163   0.0006427557735265  0.00945722769834137 0.000705908582601055
  0.0449493348769168 0.000528440487838723   0.0085150382339463   0.0003658403926233  0.00863819438991377 0.000662919189503723
  0.0456235749000706 0.000534299770306468   0.0072968443633968   0.0003304946763963   0.0075727468369704  0.00062257148906052
  0.0463079285235716 0.000542314266861064   0.0058889606078561   0.0002879372078033  0.00639265045093607 0.000584758526379756
  0.0470025474514252 0.000552578790607404    0.004959440973348   0.0002452156935745  0.00524140792543358  0.00054931440843313
  0.0477075856631966 0.000558705715576936   0.0042608398072281   0.0002351678670055  0.00424643227402016 0.000516033194984666
  0.0484231994481445 0.000567086301310596   0.0036628623938973   0.0002146959488394  0.00350758993184433 0.000484828959204234
  0.0491495474398667  0.00057781969182183    0.003047618862384   0.0001954874269268    0.003076223224579 0.000455567045132056
  0.0498867906514647 0.000586486987199149   0.0029987113077146   0.0001903630451064  0.00294864339736264 0.000428093669499841
  0.0506350925112366 0.000592989882039234   0.0030428225847378   0.0001930597605851  0.00307424227174592 0.000402297116752248
  0.0513946188989052 0.000604213556387234   0.0032476398713192   0.0001749746849781  0.00336490475590577 0.000378110225606872
  0.0521655381823887 0.000613276759733064   0.0036360657622449   0.0001911113572993  0.00370977926192098 0.000355393266773268
  0.0529480212551246 0.000622475911129064   0.0040218802249989   0.0002061056948619  0.00400071273046311 0.000334066138028251
  0.0537422415739514    0.000631813049796   0.0040026983798238   0.0002021691232732  0.00415017550471436 0.000314041569985184
  0.0545483751975607 0.000641290245542936   0.0040390954355929   0.0002020749775158  0.00410700707244082 0.000295237975384843
  0.0553666008255241 0.000650909599226085   0.0038823068515496   0.0001961815228956  0.00386408814622299 0.000277579060684014
   0.056197099837907 0.000660673243214468   0.0034114347236173    0.000177112455817  0.00345698412107328 0.000260993465890796
  0.0570400563354756 0.000670583341862681   0.0029016992794277   0.0001520921445154  0.00295391821083408 0.000245414430435038
  0.0578956571805077 0.000680642091990638   0.0024617298112434   0.0001329933998611  0.00243920068993981 0.000230779483050188
  0.0587640920382153 0.000690851723370468   0.0020301609631398   0.0001140351861412  0.00199371002808896 0.000217030153813465
  0.0596455534187885 0.000701214499221021   0.0016177462042991    9.62279705104e-05  0.00167682748448501 0.000204111706646145
  0.0605402367200703 0.000711732716709362    0.001544841248984    9.23172504943e-05  0.00151405013273094 0.000191972890716609
  0.0614483402708714     0.00072240870746   0.0015056775820869    9.01975931072e-05  0.00149323412397686 0.000180565709316957
  0.0623700653749344 0.000733244838071872   0.0016756413838173    9.70220035214e-05  0.00157027272607296 0.000169845204900684
  0.0633056163555585 0.000744243510642979   0.0016305571927642    9.57128488895e-05  0.00168254824605308 0.000159769259075269
  0.0642552006008918 0.000755407163302596   0.0017445910979884   0.0001031451110965  0.00176643054999111  0.00015029840644057
  0.0652190286099052  0.00076673827075217   0.0017557053005366   0.0001042742830183  0.00177404503471866 0.000141395661252425
  0.0661973140390538 0.000778239344813447   0.0016596451683009    9.83014955934e-05  0.00168480550459167  0.00013302635597184
  0.0671902737496396  0.00078991293498566   0.0014779498694925    8.93130389994e-05  0.00150872402158636  0.00012515799083402
  0.0681981278558842 0.000801761629010426   0.0013470039279957    8.41805143796e-05  0.00128086192717953 0.000117760093639258
  0.0692210997737224 0.000813788053445574   0.0011129109130847    7.22893326596e-05  0.00104884677223919  0.00011080408902958
  0.0702594162703283 0.000825994874247277   0.0007904027248128    5.65681366414e-05 0.000857429969852032 0.000104263176571864
  0.0713133075143832 0.000838384797360979   0.0008654904414974    6.00576771592e-05 0.000734948694671134  9.8112217020166e-05
  0.0723830071270989 0.000850960569321404   0.0006054022892062    4.86068973192e-05 0.000685910974069295  9.2327626177719e-05
  0.0734687522340054 0.000863724977861191   0.0007117498663013    5.26801195554e-05 0.000691854648971841 8.68872758229634e-05
  0.0745707835175154 0.000876680852529106   0.0007367960316954    5.31455644481e-05 0.000719788934655808 8.17704012041603e-05
  0.0756893452702782 0.000889831065317064   0.0007663185474394    5.43819026906e-05  0.00073491562388904 7.69575146441977e-05
  0.0768246854493324 0.000903178531296808   0.0007532245684803    5.35975885538e-05 0.000712916864766327 7.24303248312378e-05
  0.0779770557310723 0.000916726209266255   0.0007113195440848    5.07844139854e-05 0.000647425283835403 6.81716614021663e-05
  0.0791467115670384 0.000930477102405277   0.0005962874476642    4.55644003317e-05  0.00055024189950037 6.41654044546686e-05
   0.080333912240544 0.000944434258941362   0.0004659327796356    3.92452972465e-05 0.000444703525541496  6.0396418650339e-05
  0.0815389209241521 0.000958600772825447   0.0003398422734433    3.34457225598e-05 0.000355235340522912 5.68504915957239e-05
  0.0827620047380144  0.00097297978441783   0.0002991524573932    3.03073306258e-05 0.000297507466558263 5.35142762108126e-05
  0.0840034348090846 0.000987574481184128    0.000287318808598    3.18145303468e-05  0.00027315935256852 5.03752368153473e-05
  0.0852634863312209  0.00100238809840187   0.0002713041220342    2.85606530029e-05 0.000270931995844873 4.74215986825779e-05
  0.0865424386261892  0.00101742391987791   0.0002809293847413    3.01944841235e-05 0.000273178958238603 4.46423008278917e-05
   0.087840575205582  0.00103268527867609   0.0002544418360141     2.6917483167e-05 0.000264412984153769 4.20269518161817e-05
  0.0891581838336657  0.00104620317350362    0.000210895948007    1.28043733559e-05 0.000237865004010072 3.95647471692576e-05
  0.0904955565911707  0.00106389819122404   0.0001925657703499    1.30342052514e-05 0.000197145981459081 3.72496367108961e-05
  0.0918529899400382  0.00107985666409243   0.0001583182858756    1.17673892863e-05 0.000152989494445496  3.5069876102355e-05
  0.0932307847891388  0.00109605451405379   0.0001049489353929     8.8187563001e-06 0.000116800562827356  3.3018405028828e-05
  0.0946292465609759   0.0011124953317646    9.27072890836e-05     8.1376757256e-06 9.49535390764102e-05  3.1087609263999e-05
  0.0960486852593905  0.00112918276174106    7.85357514106e-05     7.9599009019e-06 8.64075055481271e-05 2.92703320457999e-05
  0.0974894155382814  0.00114612050316719    8.95802040402e-05     8.4154771834e-06 8.45209873971176e-05 2.75598461082858e-05
  0.0989517567713556  0.00116331231071468    7.45834486624e-05     9.2546567133e-06 8.15107344057183e-05 2.59498274656705e-05
   0.100436033122926   0.0011785401190243    7.34972653438e-05     4.1200310844e-06  7.2756983230607e-05 2.44336902425891e-05
    0.10194257361977  0.00119621822080966    5.89279678087e-05     3.3839667431e-06 5.85686420626395e-05 2.30071636472319e-05
   0.103471712224066  0.00121416149412183     4.6333669394e-05     2.7627498664e-06 4.29348976681277e-05 2.16643116336835e-05
   0.105023787907427  0.00123237391653366    3.15320319266e-05      2.026249002e-06 3.03998878764352e-05 2.04001925397883e-05
   0.106599144726039  0.00125085952528166    2.32736460332e-05     1.6016182737e-06 2.33240697159792e-05 1.92101594638887e-05
   0.108198131896929  0.00126962241816089    2.20594915461e-05     1.5349184975e-06 2.10240171570244e-05 1.80898424296926e-05
   0.109821103875383  0.00128866675443328    2.32106878585e-05     1.6055815279e-06 2.08762043568865e-05  1.7035131652334e-05
   0.111468420433514  0.00130799675574979    2.21552347739e-05     1.5210566663e-06 2.02508159200826e-05 1.60421618357137e-05
   0.113140446740017  0.00132761670708604    1.82960448112e-05     1.3565999779e-06 1.79255751423526e-05 1.51072974358174e-05
   0.114837553441117  0.00134753095769234    1.53595140738e-05     1.1984434785e-06 1.43247522846432e-05 1.42271188289923e-05
   0.116560116742734   0.0013677439220577     9.8599118547e-06      9.790176492e-07 1.08164875200971e-05 1.33984093281579e-05
   0.118308518493875   0.0013882600808886     8.8564793274e-06      9.312326786e-07  8.7253552851907e-06 1.26181429936472e-05
   0.120083146271283  0.00140908398210191     8.3272061225e-06      9.579845255e-07  8.5957633957607e-06 1.18834731888382e-05
   0.121884393465352  0.00143022024183345     8.3183947281e-06      9.764341875e-07 9.94794234489917e-06 1.11917218339685e-05
   0.123712659367332  0.00145167354546094    1.03972187218e-05      9.573718999e-07 1.15871813673479e-05 1.05403693145346e-05
   0.125568349257842  0.00147344864864285    1.34071656702e-05     1.1280323484e-06 1.23658854108629e-05 9.92704500349327e-06
    0.12745187449671  0.00149555037837251    1.10729678345e-05     1.1190531323e-06 1.19922115133295e-05 9.34951835909398e-06
    0.12936365261416  0.00151798363404808    1.07678772856e-05     1.0699178557e-06 1.12465988553297e-05 8.80569056262513e-06
   0.131304107403373  0.00154075338855881    1.07314976216e-05     1.0623484326e-06 1.12761865392167e-05 8.29358666263335e-06
   0.133273669014423  0.00156386468938719    1.12395250779e-05     1.0472333197e-06 1.24836072432642e-05 7.81134819431021e-06
    0.13527277404964    0.001587322659728    1.60589186717e-05      1.240646931e-06 1.40938595876698e-05 7.35722624472831e-06
   0.137301865660384  0.00161113249962391    1.58577669886e-05     1.2206961558e-06 1.49359935837647e-05 6.92957493646727e-06
    0.13936139364529  0.00163529948711826    1.42095758108e-05     1.1410352536e-06 1.46669505300573e-05 6.52684530390781e-06
   0.141451814549969  0.00165982897942506     1.4155966492e-05     1.1435108243e-06 1.40691716601329e-05 6.14757953809623e-06
   0.143573591768219  0.00168472641411643     1.4869903223e-05     1.1605844624e-06  1.4062831765209e-05 5.79040557759486e-06
   0.145727195644742  0.00170999731032817    1.47179582634e-05     1.1893555446e-06 1.46208288580188e-05 5.45403202415442e-06
   0.147913103579413  0.00173564726998311    1.43163095757e-05     1.1377248938e-06  1.4906709788489e-05 5.13724336337114e-06
   0.150131800133105  0.00176168197903285    1.33504086503e-05     1.0883977042e-06 1.43930571932275e-05 4.83889547173033e-06
   0.152383777135101  0.00178810720871834    1.52265084497e-05     1.1596620004e-06 1.34682661596153e-05 4.55791139259826e-06
   0.154669533792128  0.00181492881684911    1.28614562312e-05     1.0490207426e-06 1.28006222880582e-05 4.29327736481108e-06
   0.156989576799009  0.00184215274910183    1.24542559337e-05      1.078814728e-06 1.24427786103735e-05 4.04403908852419e-06
   0.159344420450995  0.00186978504033838    1.19130785856e-05     1.0288452328e-06 1.19086309242833e-05 3.80929821393757e-06
    0.16173458675776  0.00189783181594345    1.26478944518e-05     1.0360870342e-06 1.09628875323901e-05 3.58820903940199e-06
   0.164160605559126   0.0019262992931826    1.00370646303e-05      9.535797939e-07 9.90408588425498e-06 3.37997540624545e-06
   0.166623014642513  0.00195519378258034     8.9871771965e-06      9.496204936e-07 9.04179434327114e-06 3.18384777843912e-06
    0.16912235986215  0.00198452168931902     7.8320381235e-06      9.270817039e-07  8.2866269755314e-06 2.99912049595383e-06
   0.171659195260083  0.00201428951465881     7.4961347869e-06      8.994852938e-07 7.41996501209533e-06 2.82512919134323e-06
   0.174234083188984  0.00204450385737872     5.5871113041e-06      8.911380246e-07 6.47452861705527e-06 2.66124835973152e-06
   0.176847594436819  0.00207517141523936     5.8753517213e-06      8.138494716e-07  5.6277832271336e-06 2.50688907298499e-06
   0.179500308353371  0.00210629898646796     4.3280285854e-06      8.039493924e-07 4.90961663345226e-06 2.36149682941092e-06
   0.182192812978671  0.00213789347126498     3.8506485445e-06      7.417399185e-07  4.2278907254004e-06 2.22454953085521e-06
   0.184925705173351  0.00216996187333396     3.5976070116e-06      7.579092682e-07  3.5679771850654e-06 2.09555557956648e-06
   0.187699590750952  0.00220251130143396     2.3420882566e-06      7.032190496e-07 2.99885043149091e-06 1.97528966014448e-06
   0.190515084612216  0.00223554897095549      6.630602852e-07      6.677637944e-07 2.58411917420896e-06 1.87611377221023e-06
   0.193372810881399  0.00226908220551983      3.110734612e-07      6.727625678e-07 2.35609091457675e-06 1.81754815575692e-06
