# intensity: 1.00076982498322
# background: 0
#           Q (1/A)             dQ (1/A)                    R                   dR               theory              fresnel
  0.0079921268598835 9.47786666035319e-05       1.040815525354   0.0916314165448626     1.00076982498322     1.00076982498322
  0.0081120087627818 9.62003466025957e-05    0.977361866427041   0.0814597472381517     1.00076982498322     1.00076982498322
  0.0082336888942235 9.76433518016596e-05    0.875818782952994   0.0732341400542064     1.00076982498322     1.00076982498322
  0.0083571942276368 9.91080020786809e-05    0.918786126852494   0.0733443291108397     1.00076982498322     1.00076982498322
  0.0084825521410514  0.00010059462210983    0.993186307764656   0.0718995438450386     1.00076982498322     1.00076982498322
  0.0086097904231672 0.000102103541441489    0.965244453813242   0.0691269420083728     1.00076982498322     1.00076982498322
  0.0087389372795147 0.000103635094563106     0.97894105753445   0.0632634491729099     1.00076982498322     1.00076982498322
  0.0088700213387074 0.000105189620981574    0.955815007385596   0.0601452938028216     1.00076982498323     1.00076982498322
   0.009003071658788 0.000106767465296298     1.05281834524784   0.0586416556391847     1.00076982498322     1.00076982498322
  0.0091381177336698 0.000108368977275745    0.934476230360706   0.0555710919405125     1.00076982498322     1.00076982498322
  0.0092751894996749 0.000109994511934851     1.00460459233759   0.0525308026488439     1.00076982498322     1.00076982498322
    0.00941431734217 0.000111644429613872      1.0751844830634   0.0525633110213177     1.00076982498322     1.00076982498322
  0.0095555321023025 0.000112907090665532     1.08458427565287    0.103727280957182     1.00076982498322     1.00076982498322
  0.0095555321023025 0.000113319096058085     1.11921346393578   0.0498973440860368     1.00076982498322     1.00076982498322
  0.0096988650838371 0.000114600697025489     1.11782679325486   0.0965752977999902     1.00076982498322     1.00076982498322
  0.0098443480600946 0.000116319707480894     1.07380654627977   0.0913217633849632     1.00076982498322     1.00076982498322
   0.009992013280996 0.000118064503093106    0.969500641901084   0.0802408779542961     1.00076982498322     1.00076982498322
   0.010141893480211 0.000119835470639489    0.971385526223248   0.0789864381678108     1.00076982498322     1.00076982498322
  0.0102940218824141 0.000121633002699064     1.01536446010871   0.0795477492677725     1.00076982498322     1.00076982498322
  0.0104484322106503 0.000123457497739574     1.06939502363203   0.0786672805143798     1.00076982498322     1.00076982498322
  0.0106051586938101  0.00012530936020566     1.14934913432719   0.0789877749655774     1.00076982498322     1.00076982498322
  0.0107642360742173 0.000127189000608723     1.05187908767807    0.068667613989958     1.00076982498322     1.00076982498322
  0.0109256996153305 0.000129096835617872    0.949311784507238   0.0630773706315803     1.00076982498322     1.00076982498322
  0.0110895851095605 0.000131033288152128     0.95543312943921   0.0601138336962097     1.00076982498322     1.00076982498322
  0.0112559288862039 0.000132998787474426    0.992326527277058   0.0593504512416197     1.00076982498322     1.00076982498322
  0.0114247678194969 0.000134993769286553     1.07840827278948   0.0593228662357177     1.00076982498322     1.00076982498322
  0.0115961393367894  0.00013701867582583     1.09044182402891    0.056056555579319     1.00076982498322     1.00076982498322
  0.0117700814268412 0.000139224460171319    0.972212513929542    0.122249150457028     1.00076982498322     1.00076982498322
  0.0117700814268412 0.000139073955963234     1.08815333919156   0.0549898434806835     1.00076982498322     1.00076982498322
  0.0119466326482438 0.000141160065302681    0.977327511045188   0.0500380892311865     1.00076982498322     1.00076982498322
  0.0119466326482438 0.000141312827073872     1.07533188685483    0.127207958588809     1.00076982498322     1.00076982498322
  0.0121258321379675     0.00014343251948     1.15290905445126    0.140273224305511     1.00076982498322     1.00076982498322
   0.012307719620037  0.00014558400727217    0.924173821085043    0.108212388818862     1.00076982498322     1.00076982498322
  0.0124923354143376 0.000147767767381277    0.942375400319512    0.108063078469116     1.00076982498322     1.00076982498322
  0.0126797204455526    0.000149984283892    0.795847671478923    0.089357354162597     1.00076982498322     1.00076982498322
  0.0128699162522359 0.000152234048150383    0.874555826096778   0.0981709357266354     1.00076982498322     1.00076982498322
  0.0130629649960195 0.000154517558872638    0.743782346567021   0.0822925355648793     1.00076982498322     1.00076982498322
  0.0132589094709597 0.000156835322255702    0.686171838888056   0.0749872465015629     1.00076982498322     1.00076982498322
  0.0134577931130241 0.000159187852089532    0.859230043125435   0.0889828264474138     1.00076982498322     1.00076982498322
  0.0136596600097195 0.000161575669870894    0.886796633057238   0.0857097608803952     1.00076982498322     1.00076982498322
  0.0138645549098653 0.000163999304918936    0.907903530091706   0.0895756539065865     1.00068998658514     1.00044006981272
  0.0140725232335133 0.000166459294492723     1.02079866546995   0.0918836955804682    0.998312033853861    0.990627063735908
   0.014283611082016 0.000168956183910128    0.922200001949501   0.0833121529622937    0.980341152690169    0.916671511660759
  0.0144978652482462 0.000171490526668766    0.957810880920948   0.0826730049881444    0.934495270352973     0.72966848660625
  0.0147153332269699 0.000174062884568809     0.91541272526943   0.0782941690099005    0.881293657445059    0.518815693281285
  0.0149360632253744 0.000176673827837362    0.836053449029986   0.0715500423623126    0.841837710203805    0.377896877153086
  0.0151601041737551 0.000179323935254894    0.860912281745359   0.0719408995674917    0.811885054404297      0.2972663002315
  0.0153875057363614 0.000182013794283745    0.777219445356012    0.064807851205916    0.782445180283316     0.24473955397067
  0.0153875057363614 0.000181718813323021    0.731291274861261   0.0628375436442526    0.782448139541443     0.24472458957095
  0.0156183183224068    0.000184744001198    0.752835113730056    0.062392803726195    0.749575071049489    0.206482984607126
  0.0156183183224068 0.000184444595522851    0.711893023191861   0.0588528402753462    0.749579772821742    0.206473500659973
  0.0158525930972429 0.000187515161215957    0.734685770158233   0.0599654041842431    0.711395742942461    0.177025523878851
  0.0158525930972429 0.000187211264455702    0.742384489688552   0.0575130040001787    0.711401641282523    0.177018961650458
  0.0160903819937015 0.000190019433422553    0.619316406951413   0.0485636742118528    0.666613755235872    0.153555987889088
  0.0163317377236071 0.000192869724923872    0.533067891786826   0.0433049989057569    0.614250761026261    0.134416741916608
  0.0165767137894612 0.000195762770797745    0.563791194251201   0.0442865445035458    0.553789554807054    0.118523781177273
  0.0168253644963031 0.000198699212359702    0.504644510741877   0.0391815678534658     0.48542347869748    0.105140784748923
  0.0170777449637476 0.000201679700545106    0.328491444752164   0.0298553869152656    0.410416145258083   0.0937432153710297
  0.0173339111382038 0.000204704896053277    0.348046091100438   0.0299360533107731    0.331400627946758   0.0839451770765721
  0.0175939198052769 0.000207775469494085    0.217384118724388   0.0217496972472855    0.252420216433935   0.0754553432515806
   0.017857828602356 0.000210892101536468    0.150599117460658   0.0166595419431965    0.178509615126609   0.0680490598923544
  0.0181256960313914 0.000214055483059532    0.106197335517634   0.0142131450997306    0.114775073717447   0.0615499736509506
  0.0183975814718623 0.000217266315305447   0.0626184803092498   0.0110477224345211   0.0652224442147318   0.0558175305214572
  0.0186735451939402 0.000220525310035021   0.0412252072394027   0.0091313769166634   0.0318090216383972   0.0507382320359515
  0.0189536483718493 0.000223833189685532   0.0262027271816923   0.0060395611124031   0.0141368608692582   0.0462193741532262
   0.019237953097427 0.000227190687530809   0.0082143261497955   0.0075400433119884  0.00986487863103893   0.0421844717880908
  0.0195265223938884 0.000230598547843787   0.0269873593935377   0.0062984395009479   0.0155568896318157   0.0385698551388724
  0.0198194202297968 0.000234057526061447   0.0427266619065739   0.0064342986672768   0.0275582928979088   0.0353220976208273
  0.0201167115332437  0.00023756838895234   0.0536468583810651   0.0070289155531572   0.0426202662420616   0.0323960448609464
  0.0204184622062424 0.000241131914786638   0.0651982167260576   0.0084999218154959   0.0581995776656175   0.0297532852549388
   0.020724739139336 0.000244748893508426   0.0724684810228957   0.0090273884510386   0.0725054025882897   0.0273609496859163
   0.021035610226426 0.000248420126911064   0.0880363287401122   0.0087650175464208   0.0844061950073304   0.0251907598726387
  0.0213511443798224 0.000252146428814723    0.106834108482108   0.0099178481897218   0.0932880933894061   0.0232182667783869
  0.0216714115455197 0.000255928625246979    0.110999743090748    0.009897576734995   0.0989175821750185   0.0214222359019137
  0.0219964827187025  0.00025976755462566   0.0895570528773409    0.008550128707574    0.101329782179596   0.0197841472208755
  0.0223264299594831 0.000263664067945064     0.10316987026095   0.0096101293480661    0.100745423932993   0.0182877854557005
  0.0226613264088753 0.000267619028964213    0.107461273839384   0.0091456552743738   0.0975114377427179   0.0169189020910181
  0.0226613264088753 0.000267980948775617    0.092464784212119   0.0044118816645671   0.0975096188032394   0.0169190209705253
  0.0230012463050085 0.000271633314398681   0.0999931818509262   0.0088266617616344   0.0920579339659374    0.015664934855655
  0.0230012463050085 0.000272000663007277   0.0996158442140914   0.0046635128350433   0.0920565551975248   0.0156650425281463
  0.0233462649995836 0.000275707814114681   0.0848307664852172   0.0078142821484162   0.0848650525918534   0.0145147735476915
  0.0233462649995836 0.000276080672952383   0.0858724114583055    0.004004703847252   0.0848641249116621   0.0145148712487305
  0.0236964589745773 0.000279843431326383     0.07879856294188   0.0074907243205143   0.0764349944655471   0.0134585634948001
  0.0236964589745773 0.000280221883046681   0.0789488041796097   0.0037235480581312   0.0764345071722005   0.0134586523003035
   0.024051905859196 0.000284041082796298   0.0686086610804953   0.0065042336293689   0.0672666448950076   0.0124875397708863
   0.024051905859196 0.000284425211292383    0.067294974669617   0.0031890363988236   0.0672665675837278    0.012487620621043
  0.0244126844470839 0.000288691589461745   0.0591570192373751   0.0028145542433309   0.0578324031565561   0.0115939604156597
  0.0247788747137902  0.00029302196330366   0.0488503383464921   0.0023896105396796   0.0485565860725069   0.0107706855532782
   0.025150557834497 0.000297417292753234   0.0377904392465162   0.0019123371766108    0.039799657710861   0.0100115373336884
  0.0255278162020145 0.000301878552144511   0.0347665511600488   0.0017957555295243   0.0318474356831135  0.00931089675705756
  0.0259107334450447 0.000306406730426681   0.0267770294811492   0.0014406932528119   0.0249070259586443  0.00866370896094751
  0.0262993944467204 0.000311002831383106   0.0192905863452464   0.0011317146597951   0.0191093411368976  0.00806541790949021
  0.0266938853634212  0.00031566787385383   0.0136865075305203   0.0008891289760761    0.014516788459636  0.00751190975683458
  0.0270942936438725  0.00032040289196166   0.0108629897975575   0.0007587666524127   0.0111339726670637  0.00699946357863967
  0.0275007080485306 0.000325208935341064   0.0091783748581504   0.0006832509978712  0.00891899778050032  0.00652470838541104
  0.0279132186692585 0.000330087069371191   0.0077911435841939   0.0006177711826607  0.00779329632709583  0.00608458551056186
  0.0283319169492974 0.000335038375411745   0.0070298473602324   0.0005720495791721  0.00764873171793001  0.00567631561255508
  0.0287568957035369 0.000340063951042936    0.008236953041357   0.0005943632656669  0.00835176102538008  0.00529736965083533
  0.0291882491390899 0.000345164910308596   0.0100625846178533    0.000697834370263  0.00974543171788962  0.00494544329457324
  0.0296260728761763 0.000350342383963191   0.0112468913220036   0.0007389540476779   0.0116506809073988  0.00461843430554789
  0.0300704639693189 0.000355597519722638   0.0149709200545748   0.0008420533941872   0.0138686670238374  0.00431442250496381
  0.0305215209288587 0.000360931482518511   0.0157668311497381   0.0009050432733159   0.0161856654231716   0.0040316519911772
  0.0309793437427915 0.000366345454756255   0.0204137251463238   0.0010580461230027   0.0183814852027935   0.0037685153232365
  0.0314440338989334 0.000371840636577617   0.0209005061286548   0.0010552123994633    0.020241574647118  0.00352353942544666
  0.0319156944074174 0.000377418246126298   0.0204596234460491    0.001035294901723   0.0215721596499739  0.00329537300218534
  0.0323944298235287  0.00038307951981817   0.0231653984048818   0.0011430009671706   0.0222170510067552  0.00308277528099178
  0.0328803462708816 0.000388825712615447   0.0229953737280382   0.0011891611180928   0.0220742398763492  0.00288460592640354
  0.0333735514649448 0.000394658098304681   0.0205661778664112   0.0010547752897468   0.0211100846383591  0.00269981598783919
   0.033874154736919 0.000400577969779234   0.0196241651073252   0.0010286522319162   0.0193687575254801  0.00252743976261205
  0.0343822670579728 0.000406586639325957    0.017104115593275   0.0009061342364366   0.0169746780687886  0.00236658747039098
  0.0348980010638424  0.00041268543891583   0.0139172467764361   0.0007947047291335   0.0141260005668808  0.00221643864850314
     0.0354214710798 0.000418875720499574    0.011363376579275   0.0006942928913501   0.0110780004603811  0.00207623618873221
   0.035952793145997 0.000425158856307064   0.0085777884371855   0.0005763966136264  0.00811656178059062  0.00194528094598029
  0.0364920850431869  0.00043153623915166   0.0059646278456485    0.000466069200297  0.00552389036909021  0.00182292685756533
  0.0370394663188347 0.000438009282738936    0.003975730218105   0.0003640496301112  0.00354075632681287  0.00170857651920998
  0.0375950583136173 0.000444579421980043   0.0024673178887033   0.0002900779374053  0.00233137404323055  0.00160167717010796
  0.0381589841883215 0.000451248113309745   0.0023775758971853   0.0002810217190435  0.00195768318650788  0.00150171704496385
  0.0387313689511463 0.000458016835009362   0.0025300695664256   0.0002802396854967  0.00236873532104559  0.00140822205571031
  0.0393123394854135 0.000464887087534511   0.0034892382302816   0.0003175920450061  0.00340813160470724  0.00132075276981007
  0.0399020245776947 0.000471860393847532   0.0048820087429379   0.0004111039945165  0.00483870731860847  0.00123890165573051
  0.0405005549463601 0.000478938299755234   0.0057495531751608   0.0004229533413637  0.00638006223329976  0.00116229056940961
  0.0411080632705555 0.000486122374251574   0.0071633351755117   0.0004803981208708  0.00775214528236355  0.00109056845837139
  0.0417246842196139 0.000493414209865362   0.0094304712438065   0.0005725335736626  0.00871741887848795  0.00102340926264988
  0.0423505544829081 0.000500815423013319   0.0085808875679171   0.0005445264348969  0.00911498096446476 0.000960509993886598
  0.0429858128001517 0.000508327654358511   0.0079423408128568   0.0005133514934962   0.0088818179586094 0.000901588975915567
   0.043630599992154 0.000515952569173915   0.0082675803149913   0.0005242642884742    0.008058491145355 0.000846384231875039
  0.0442850589920363 0.000523691857711532   0.0072750596088051   0.0004827930331565  0.00677869100597145 0.000794652004413978
  0.0449493348769168 0.000531547235577191   0.0053936898011835   0.0004107590304627   0.0052441963095095 0.000746165396918605
  0.0449493348769168 0.000533909007282596   0.0053258045619404   0.0002815860182247  0.00524421031490892  0.00074617643995268
  0.0456235749000706  0.00054191764239183   0.0037399332915542   0.0002060138246773  0.00368955326115905 0.000700723457654064
  0.0456235749000706 0.000539520444110851   0.0040055813805442   0.0003318225033082  0.00368890525567765 0.000700713124891029
  0.0463079285235716 0.000547613250772511   0.0026266645989038   0.0002785209966418  0.00233763620201297  0.00065809836768622
  0.0463079285235716 0.000550046407027702   0.0022887382365355   0.0001334864291834  0.00233877223515019 0.000658108038023033
  0.0470025474514252 0.000555827449534085   0.0012252058127196   0.0001864701941628  0.00136687040619879 0.000618137711771137
  0.0470025474514252 0.000558297103133106   0.0011767715105285    8.00103956564e-05  0.00136826627419123 0.000618146764101488
  0.0477075856631966 0.000564164861277106   0.0015522443878145   0.0001994652661786 0.000874873735139271 0.000580660177525091
  0.0477075856631966 0.000566671559680128   0.0007036583834709    5.73022011681e-05 0.000876263636135953 0.000580668653108034
  0.0484231994481445 0.000575171633075319    0.000804153873263    5.86264142051e-05 0.000868330163087957 0.000545514259540296
  0.0484231994481445 0.000572627334196255    0.001014965219655   0.0001848867956246 0.000867197335500905 0.000545506322364308
  0.0491495474398667 0.000581216744209191   0.0012037344709942    0.000189202591254  0.00126047861524467 0.000512527413657967
  0.0491495474398667 0.000583799207571447    0.001164307185846    7.52868890416e-05  0.00126116651950729 0.000512534848070758
  0.0498867906514647  0.00058993499537234   0.0016387389087996   0.0002104482180145  0.00190348175822848 0.000481584665515853
  0.0498867906514647 0.000592556195685021   0.0019337849311671   0.0001096233053844  0.00190363437487925 0.000481591630316079
  0.0506350925112366 0.000601444538620298   0.0028185371148463   0.0001476799987868  0.00261021642623383 0.000452555060109771
  0.0513946188989052 0.000610466206699617   0.0034830657911041   0.0001763337082111  0.00319965955650068 0.000425304182402386
  0.0521655381823887 0.000619623199800085   0.0034943757792788   0.0001756690967383  0.00353086948306347 0.000399726031357591
  0.0529480212551246 0.000628917547797106   0.0035749070941115   0.0001781854293127  0.00352909275837045 0.000375715073612546
  0.0537422415739514 0.000638351311014043    0.003009520574849   0.0001500191124499  0.00319754973438916  0.00035317269303174
  0.0545483751975607 0.000647926580679277   0.0025599988619724   0.0001302540214736  0.00261247099612427 0.000332006713608587
  0.0553666008255241 0.000657645479389447   0.0018923134482752   0.0001007379517489  0.00190260204778103 0.000312130957463191
   0.056197099837907 0.000667510161580298   0.0012108753466476    7.01640545779e-05  0.00121739929222418 0.000293464835150179
  0.0570400563354756    0.000677522814004   0.0006409118488003    4.43030666111e-05 0.000690888397585277 0.000275932965731139
  0.0578956571805077 0.000687685656214085   0.0003630434670243    3.34643011735e-05 0.000409746082903309 0.000259464824283963
  0.0587640920382153 0.000698000941057277   0.0004237579248452    3.49450192346e-05  0.00039377259818756  0.00024399441471898
  0.0596455534187885 0.000708470955173149   0.0005008657913671    3.66349236761e-05 0.000594136013996293 0.000229459965951042
  0.0605402367200703 0.000719098019500723   0.0008229989203138    5.16216337936e-05 0.000910050502304126 0.000215803649639617
  0.0614483402708714 0.000729884489793234   0.0011218096965184    6.44504160031e-05  0.00121925256237163 0.000202971317857022
  0.0623700653749344 0.000740832757140128   0.0013182346117011    7.19145388887e-05  0.00141350237199673 0.000190912259179719
  0.0633056163555585 0.000751945248497234   0.0013043678003591    7.11497822412e-05  0.00142875356742815 0.000179578971820292
  0.0642552006008918 0.000763224427224681   0.0012626599866553    6.98794166079e-05  0.00126113653333135 0.000168926952529682
  0.0652190286099052 0.000774672793633064    0.000967990716646    5.86893807871e-05 0.000964089743435874  0.00015891450010124
  0.0661973140390538 0.000786292885537574   0.0005834663997209    4.03315095426e-05 0.000627728758653832 0.000149502532401396
  0.0671902737496396 0.000798087278820638   0.0003806494514344    3.16463966294e-05 0.000347253238287207 0.000140654415936858
  0.0681981278558842 0.000810058588002936   0.0002353031147288     2.7601534881e-05 0.000191020287223573 0.000132335807046105
  0.0692210997737224 0.000822209466822979     0.00017829282127    2.16622616888e-05 0.000179280156170601 0.000124514503874156
  0.0702594162703283 0.000834542608825319   0.0002950614394473    2.61134523114e-05 0.000280913633154913  0.00011716030835483
  0.0713133075143832 0.000847060747957702   0.0004053083193589    3.13584062892e-05 0.000428876326552724 0.000110244897484481
  0.0723830071270989 0.000859766659177064   0.0005246089369177    3.59146666191e-05 0.000547948639625896 0.000103741703225965
  0.0734687522340054 0.000872663159064723   0.0005487575126576    3.77821423123e-05 0.000583728905307797 9.76258004318972e-05
  0.0745707835175154 0.000885753106450681   0.0005183190446587    3.48106686989e-05 0.000521554049811392 9.18738022224319e-05
  0.0756893452702782 0.000899039403047447   0.0004216196599942    3.18171372667e-05 0.000388321818923151  8.6463762295155e-05
  0.0768246854493324 0.000912524994093191   0.0002369723961089    2.16804861649e-05 0.000237314745837373 8.13750836837456e-05
  0.0779770557310723 0.000926212869004553   0.0001630695491822    2.02947144458e-05 0.000123211427301708  7.6588433517855e-05
  0.0791467115670384  0.00094010606203966   0.0001179446616085    1.57672624403e-05 7.85121678500346e-05 7.20856633697027e-05
   0.080333912240544 0.000954207652970255   0.0001141044984973    1.49333649231e-05 0.000101692015584723 6.78497348032757e-05
  0.0815389209241521 0.000968520767764808    0.000143165647108    1.85329786073e-05 0.000161742169587145  6.3864649770022e-05
  0.0827620047380144 0.000983048579281277   0.0001882588310201    1.92294275692e-05 0.000215926202606346 6.01153855207607e-05
  0.0840034348090846 0.000997794307970468   0.0001919970573298    1.82600404222e-05  0.00023138031509465 5.65878337273547e-05
  0.0852634863312209  0.00101276122259004   0.0002355711801068    2.15693149761e-05 0.000199751023347024 5.32687435296734e-05
  0.0865424386261892  0.00102795264092889   0.0001619990294651    1.93076003289e-05 0.000138110170764706 5.01456682436821e-05
   0.087840575205582  0.00104337193054281    9.79873650689e-05    1.47174663015e-05 7.67918811835073e-05 4.72069154852474e-05
  0.0891581838336657  0.00105902250950098    6.74416705801e-05    1.21299237208e-05 4.16360671876148e-05 4.44415004815937e-05
  0.0891581838336657  0.00105440227678609    4.51954510834e-05     3.1455037642e-06 4.15355492021344e-05 4.44409067194165e-05
  0.0904955565911707  0.00107021831093787    6.07405225495e-05     4.0030660854e-06  4.0630409044599e-05 4.18385438387582e-05
  0.0904955565911707  0.00107490784714349    5.07494692467e-05    1.10210089195e-05 4.06958577671018e-05 4.18391023583758e-05
  0.0918529899400382  0.00109103146485064    8.51433351019e-05    1.20309366506e-05 6.23487805387451e-05 3.93900232051731e-05
  0.0918529899400382  0.00108627158560191    8.91182622825e-05     5.3819220016e-06 6.23476019276698e-05 3.93894978105158e-05
  0.0932307847891388   0.0011073969368234    7.60629907876e-05    1.13473740064e-05 8.47789821462062e-05 3.70851497359405e-05
  0.0932307847891388  0.00110256565938596    0.000111678341666     6.5030006995e-06 8.48296969641864e-05 3.70846554781364e-05
  0.0946292465609759  0.00112400789087574    8.76061353206e-05    1.55995794264e-05 9.01562398762619e-05 3.49159173736769e-05
  0.0946292465609759  0.00111910414427677   0.0001005704295128     5.8891996646e-06 9.02176753022355e-05 3.49154523859948e-05
  0.0960486852593905  0.00114086800923889    8.77869843429e-05    1.27248619938e-05 7.45552734858631e-05 3.28742766003455e-05
  0.0960486852593905  0.00113589070644089    7.73269479612e-05     4.6175587667e-06 7.45864794227234e-05 3.28738391298405e-05
  0.0974894155382814  0.00115798102937745    6.43873509609e-05    1.43729345701e-05 4.80266990373046e-05 3.09526614240111e-05
  0.0974894155382814  0.00115292906703753    4.72518613207e-05     3.0543034224e-06 4.80125583125599e-05 3.09522498244249e-05
  0.0989517567713556  0.00117535074481813    5.80297115605e-05    1.19362244878e-05 2.59170668429882e-05 2.91439598252852e-05
  0.0989517567713556  0.00117022300304306    2.16110587436e-05     1.7949198704e-06   2.587427916383e-05  2.9143572550404e-05
   0.100436033122926  0.00118777634808872    1.95656628221e-05     1.6100987873e-06 1.80338341800847e-05 2.74411216519998e-05
    0.10194257361977  0.00120559299331004    2.37090925034e-05     1.8477345391e-06 2.33000377382352e-05 2.58386117656278e-05
   0.103471712224066   0.0012236768882097    3.49360124375e-05     2.3082425404e-06 3.22281905097819e-05 2.43301334677939e-05
   0.105023787907427  0.00124203204153285    3.60883061624e-05     2.3589570141e-06 3.51809887855193e-05 2.29101304380741e-05
   0.106599144726039  0.00126066252215583    2.68082620533e-05     1.8739341701e-06 2.91714898977077e-05 2.15733780399841e-05
   0.108198131896929  0.00127957245998817    1.82060978097e-05     1.4464499999e-06 1.86759428980258e-05 2.03149632290312e-05
   0.109821103875383    0.001298766046888     7.5577256065e-06      1.098714531e-06 1.07301497340811e-05 1.91302657032817e-05
   0.111468420433514  0.00131824753759132     4.7651334221e-06       9.66134292e-07  8.9779749217548e-06 1.80149402173839e-05
   0.113140446740017  0.00133802125065519     7.9707755266e-06     1.1071834908e-06 1.15271660594969e-05 1.69648999862194e-05
   0.114837553441117  0.00135809156941502    1.34130527157e-05     1.2190124231e-06 1.36919075667988e-05  1.5976301109208e-05
   0.116560116742734  0.00137846294295626    1.17833787653e-05     1.1840098313e-06  1.2484960393598e-05 1.50455279508228e-05
   0.118308518493875   0.0013991398871006     9.1995042615e-06     1.0841793152e-06 8.72367086436182e-06 1.41691794170845e-05
   0.120083146271283  0.00142012698540711     5.2295826378e-06      9.633562108e-07 5.37120306512761e-06 1.33440560717313e-05
   0.121884393465352  0.00144142889018821      2.364408642e-06      9.101040248e-07 4.33896390177728e-06 1.25671480394202e-05
   0.123712659367332  0.00146305032354102     3.5034331174e-06      8.268737733e-07 4.99543273370395e-06 1.18356236467258e-05
   0.125568349257842  0.00148499607839413     4.1734799797e-06      9.217416908e-07 5.42144851021074e-06 1.11468187548827e-05
    0.12745187449671  0.00150727101957004     3.6093963108e-06     1.0390239205e-06 4.59803931378218e-06 1.04982267411849e-05
    0.12936365261416  0.00152988008486362     4.4005740368e-06      9.988879713e-07 3.14856521672255e-06 9.88748908872189e-06
   0.131304107403373  0.00155282828613655     2.0015532734e-06      9.126117971e-07 2.21933541171967e-06 9.31238654671321e-06
   0.133273669014423   0.0015761207104286     1.5276050824e-06      8.854962981e-07 2.11716205013019e-06 8.77083082611388e-06
    0.13527277404964  0.00159976252108502     2.2695968626e-06      9.491727044e-07 2.22538518945904e-06 8.26085679741373e-06
   0.137301865660384  0.00162375895890132      4.939023736e-06      8.796660559e-07 1.96341637119398e-06 7.78061515965543e-06
    0.13936139364529  0.00164811534328485     3.9426878567e-06      9.158248394e-07 1.42811747824659e-06 7.32836555165742e-06
   0.141451814549969  0.00167283707343409     2.6367907794e-06      8.882627409e-07 1.05469553765163e-06  6.9024700782638e-06
   0.143573591768219  0.00169792962953562     3.1078587217e-06      9.250713929e-07 9.72820779738241e-07 6.50138722615733e-06
   0.145727195644742  0.00172339857397864     2.2267737839e-06      9.071059435e-07 9.38721695143463e-07 6.12366614537263e-06
   0.147913103579413  0.00174924955258834     3.7281898193e-06      8.723726723e-07 7.67552690059767e-07 5.76794127414567e-06
   0.150131800133105  0.00177548829587715     2.9850994598e-06      8.731424159e-07 5.56396257567601e-07 5.43292728613546e-06
   0.152383777135101  0.00180212062031532      4.300908847e-06      8.337023889e-07 4.54899345918551e-07 5.11741434036512e-06
   0.154669533792128  0.00182915242962004     2.5814330763e-06      8.714011868e-07 4.30827571064494e-07 4.82026361545468e-06
   0.156989576799009  0.00185658971606434     3.0722893633e-06      8.048944816e-07 3.69288725218484e-07 4.54040311086432e-06
   0.159344420450995  0.00188443856180532     3.9673264116e-06      8.538064888e-07 2.67844485164988e-07 4.27682369894191e-06
    0.16173458675776  0.00191270514023238      2.719057234e-06      8.485477688e-07 2.05148689061836e-07 4.02857541257055e-06
   0.164160605559126  0.00194139571733587     1.7186196679e-06       8.44777565e-07 1.91068286077442e-07 3.79476395415492e-06
   0.166623014642513  0.00197051665309591     3.2177566349e-06       8.20080462e-07 1.67367874470513e-07 3.57454741256543e-06
    0.16912235986215  0.00200007440289234     1.3262535447e-06      8.018519382e-07 1.19543423455917e-07 3.36713317548314e-06
   0.171659195260083  0.00203007551893574     1.3310514111e-06      8.553544303e-07 8.69503405722342e-08 3.17177502536178e-06
   0.174234083188984  0.00206052665171979     -8.617598244e-07      8.549844435e-07 8.02227648772459e-08 2.98777040794748e-06
   0.176847594436819  0.00209143455149557     1.4642492128e-06      8.400710869e-07 7.02570585206934e-08 2.81445786297414e-06
   0.179500308353371    0.002122806069768       5.83531761e-07      7.790879911e-07 4.85980412246546e-08 2.65121460728851e-06
   0.182192812978671  0.00215464816081451     1.7543990654e-06      8.046460445e-07 3.46235126291013e-08 2.49745426125499e-06
   0.184925705173351  0.00218696788322672     -6.537037746e-07      8.685655098e-07 3.20054346414104e-08 2.35262470984836e-06
   0.187699590750952  0.00221977240147515      5.001857625e-07      7.977230069e-07 2.67468756570191e-08 2.21620609036637e-06
   0.190515084612216  0.00225306898749728      7.145941951e-07       8.01250358e-07 1.75636326979231e-08 2.08909668751637e-06
   0.193372810881399   0.0022868650223097     1.6287350934e-06      8.150431604e-07 1.30857209565029e-08 1.98452939793794e-06
    0.19627340304462  0.00232116799764438     -7.655402207e-07      9.018317587e-07 1.28671380072174e-08  1.9227622223093e-06
