# intensity: 1.03480597394991
# background: 0
#           Q (1/A)             dQ (1/A)                    R                   dR               theory              fresnel
  0.0079921268598835 9.45112521330638e-05     1.06341845163433   0.0899815645865761     1.03480597394991     1.03480597394991
  0.0081120087627818 9.59289209150213e-05      1.1752651989523   0.0874405941986627     1.03480597394991     1.03480597394991
  0.0082336888942235  9.7367854728766e-05     1.17149385814197   0.0824889172958949     1.03480597394991     1.03480597394991
  0.0083571942276368 9.88283725497021e-05     1.00528674384304   0.0727792383101675     1.03480597394991     1.03480597394991
  0.0084825521410514 0.000100310798137957      1.0138117770664   0.0703282522243455     1.03480597394991     1.03480597394991
  0.0086097904231672     0.00010181546011     1.15920818564506    0.070839576584621     1.03480597394991     1.03480597394991
  0.0087389372795147  0.00010334269201166     1.12948634090681   0.0664629239711143     1.03480597394991     1.03480597394991
  0.0088700213387074  0.00010489283239183     1.00793210491651   0.0599302921944992     1.03480597394991     1.03480597394991
   0.009003071658788 0.000106466224877702      1.0947729599952   0.0597381031121012     1.03480597394991     1.03480597394991
  0.0091381177336698 0.000108063218250894     1.08386880647345   0.0562817304590573     1.03480597394991     1.03480597394991
  0.0092751894996749 0.000109684166524638     1.04089693522264   0.0526479579688832     1.03480597394991     1.03480597394991
    0.00941431734217 0.000111329429022511    0.992896577119138   0.0495887305022809     1.03480597394991     1.03480597394991
  0.0095555321023025 0.000112999106216766    0.894625189055226   0.0941261785724938     1.03480597394991     1.03480597394991
  0.0095555321023025  0.00011299937045783     1.11496633018119   0.0500689027834115     1.03480597394991     1.03480597394991
  0.0096988650838371 0.000114694092810043    0.996346933598543   0.0962799992003849     1.03480597394991     1.03480597394991
  0.0098443480600946  0.00011641450420217    0.941749046973915   0.0874309015130366     1.03480597394991     1.03480597394991
   0.009992013280996 0.000118160721765234     1.04719428897022   0.0835801321108177     1.03480597394991     1.03480597394991
   0.010141893480211 0.000119933132591702    0.962541989897921   0.0782768530550651     1.03480597394991     1.03480597394991
  0.0102940218824141 0.000121732129580553     1.14693154119043    0.081719588043896     1.03480597394991     1.03480597394991
  0.0104484322106503 0.000123558111524298     1.01487350320328   0.0732449090205488     1.03480597394991     1.03480597394991
  0.0106051586938101 0.000125411483197149     1.10526225828598    0.074157051807578     1.03480597394991     1.03480597394991
  0.0107642360742173 0.000127292655445106     1.08709728803366   0.0680783753902842     1.03480597394991     1.03480597394991
  0.0109256996153305 0.000129202045276766     1.05937729805157   0.0666133872477749     1.03480597394991     1.03480597394991
  0.0110895851095605 0.000131140075955915     1.12531057044778   0.0645300905805721     1.03480597394991     1.03480597394991
  0.0112559288862039 0.000133107177095277     1.11277283965647   0.0633103854121172     1.03480597394991     1.03480597394991
  0.0114247678194969 0.000135103784751702      1.0312194723239   0.0567674944387843     1.03480597394991     1.03480597394991
  0.0115961393367894 0.000137130341522979     1.01495573161083   0.0542998462533038     1.03480597394991     1.03480597394991
  0.0117700814268412  0.00013918729664583     1.12806616454311    0.136886786526809     1.03480597394991     1.03480597394991
  0.0117700814268412  0.00013918729664583    0.980809641888677   0.0524860600521905     1.03480597394991     1.03480597394991
  0.0119466326482438 0.000141275106095489     1.03046911195509   0.0496892831990098     1.03480597394991     1.03480597394991
  0.0119466326482438 0.000141275106095489    0.972669098944172    0.126359013747255     1.03480597394991     1.03480597394991
  0.0121258321379675 0.000143394232686936     1.04506191265939    0.122144343258183     1.03480597394991     1.03480597394991
   0.012307719620037 0.000145545146177234     1.10972789549365     0.12340325229262     1.03480597394991     1.03480597394991
  0.0124923354143376 0.000147728323369915     1.08339267906882    0.118099407136407     1.03480597394991     1.03480597394991
  0.0126797204455526 0.000149944248220468    0.951229084519948     0.10518149163837     1.03480597394991     1.03480597394991
  0.0128699162522359 0.000152193411943745    0.827512854403903   0.0928220915982078     1.03480597394991     1.03480597394991
  0.0130629649960195 0.000154476313122894    0.864824814104599   0.0921086684973036     1.03480597394991     1.03480597394991
  0.0132589094709597 0.000156793457819745     1.14465167750082    0.110716883754094     1.03480597394991     1.03480597394991
  0.0134577931130241 0.000159145359687064     1.07572954579265    0.105249045775089     1.03480597394991     1.03480597394991
  0.0136596600097195  0.00016153254008234    0.992030101559143   0.0945856907628177     1.03480597394991     1.03480597394991
  0.0138645549098653 0.000163955528183574     1.09635359652419   0.0985990260581715     1.03480597394991     1.03480597394991
  0.0140725232335133  0.00016641486110634     1.08456092380578    0.095187423497229     1.03472939058838      1.0342411252041
   0.014283611082016 0.000168911084022936     1.04099374184058   0.0902505778084788     1.03248074375735      1.0177699112421
  0.0144978652482462 0.000171444750283277     1.06706480697433   0.0897679440899913     1.01622974934645    0.901351905366144
  0.0147153332269699 0.000174016421537532    0.925274925971735   0.0799622717774979    0.979119156903597    0.654795197918086
  0.0149360632253744 0.000176626667860596    0.972618570651586   0.0805552120191801    0.940772561326922    0.451166165578687
  0.0151601041737551 0.000179276067878511    0.929902499769055    0.076856095229132    0.908248765349671    0.341619351485043
  0.0153875057363614 0.000181965208896681    0.876717957971331   0.0709883255372152    0.875469109026298    0.276384424630248
  0.0153875057363614 0.000181965208896681    0.749038898585869    0.060520746806063    0.875469109026298    0.276384424630248
  0.0156183183224068 0.000184694687030128    0.847162594657643    0.068132546265582    0.838235873262309    0.230846086744303
  0.0156183183224068 0.000184694687030128     0.87650785560329    0.066807138506243    0.838235873262309    0.230846086744303
  0.0158525930972429 0.000187465107335574    0.749224618194823   0.0610741693098718     0.79398086537298      0.1965518642973
  0.0158525930972429 0.000187465107335574    0.700034793413936   0.0529512496448734     0.79398086537298      0.1965518642973
  0.0160903819937015 0.000190277083945617    0.633869896649263   0.0490590874624712     0.74059265294393    0.169624041300588
  0.0163317377236071 0.000193131240204808    0.648195226340448   0.0488565768692932    0.676297937472287    0.147884237995952
  0.0165767137894612 0.000196028208807872    0.547319224281398   0.0427360238775212    0.600016523963317    0.129973286964323
  0.0168253644963031     0.00019896863194    0.480532110493921   0.0371190724274952    0.512042738521029    0.114984693637681
  0.0170777449637476 0.000201953161419106    0.341353461106777   0.0292550217994094    0.414886969003636    0.102284392813472
  0.0173339111382038 0.000204982458840383    0.319048687780162   0.0270235449211599    0.313866302538991   0.0914125468316356
  0.0175939198052769 0.000208057195722979    0.177784792846671   0.0183203841427388    0.216821414132978   0.0820260052057203
   0.017857828602356 0.000211178053658851    0.116050589184369      0.0144464911495    0.132535398838701   0.0738626735338129
  0.0181256960313914 0.000214345724463702   0.0550045376606078   0.0096934363515223   0.0682209795018651   0.0667184618448242
  0.0183975814718623 0.000217560910330681    0.035489879200354   0.0070304417419365   0.0273062014996462   0.0604318288910663
  0.0186735451939402 0.000220824323985617   0.0211328995496187   0.0052867429306773    0.008752985037631    0.054873106024608
  0.0189536483718493 0.000224136688845404    0.021770503069683   0.0062410382780625  0.00811652726028868   0.0499369338128553
   0.019237953097427 0.000227498739178085    0.025965250855485    0.006353628994372   0.0194718668212036   0.0455367860179742
  0.0195265223938884 0.000230911220265787   0.0564719115294788   0.0077420112413305   0.0371235416914667   0.0416009290735532
  0.0198194202297968 0.000234374888569745   0.0598791452423457   0.0080606768074631   0.0565535894355304   0.0380693907051893
  0.0201167115332437 0.000237890511898298   0.0912969251352815    0.009439323583202    0.074657470677384   0.0348916518357244
  0.0204184622062424 0.000241458869576766     0.10245276311861   0.0099557461841071    0.089571626325815   0.0320248658760091
   0.020724739139336 0.000245080752620426    0.105640856192344   0.0097473109913346    0.100366304160576   0.0294324685160416
   0.021035610226426 0.000248756963909745    0.106943219753416   0.0100175166915261    0.106755358727221   0.0270830806876687
  0.0213511443798224 0.000252488318368383    0.103281492346779   0.0092665396146558    0.108875577149837    0.024949634401487
  0.0216714115455197 0.000256275643143915    0.100855553124071   0.0090304252936753    0.107135980922362   0.0230086699575198
  0.0219964827187025 0.000260119777791064   0.0971896252673221   0.0086515537839451    0.102118926487136   0.0212397663084789
  0.0223264299594831 0.000264021574457915   0.0992089638369472   0.0086541590976192   0.0945127933333202   0.0196250758717534
  0.0226613264088753 0.000267981898074808    0.085623068964929   0.0075869908517942   0.0850602932182406   0.0181489419979822
  0.0226613264088753 0.000268054399793532   0.0866697987793726   0.0040235106450742   0.0850601381782833   0.0181489678519168
  0.0230012463050085 0.000272001626545915   0.0801913091247941   0.0072523983397183   0.0745123228539638   0.0167975823847898
  0.0230012463050085 0.000272075215790426   0.0814680707600402   0.0037826195209884   0.0745122922669661    0.016797605780181
  0.0233462649995836 0.000276081650944128   0.0671408519166182   0.0064306930993842   0.0635830711835588    0.015558825501064
  0.0233462649995836 0.000276156344027277   0.0677251121381929   0.0031545066354857   0.0635831493672955   0.0155588467118176
  0.0236964589745773 0.000280222875708255   0.0480928759236245   0.0052323043145201   0.0529070041903384   0.0144218899238569
  0.0236964589745773 0.000280298689187702      0.0564238033662   0.0026700507304073   0.0529071693756936   0.0144219091880741
   0.024051905859196 0.000284426218843915   0.0347527856429408   0.0044592172832545   0.0430017513842444   0.0133771986412597
   0.024051905859196 0.000284503169525532   0.0433968142846684   0.0021055251736541   0.0430019777242797   0.0133772161666667
  0.0244126844470839 0.000288770717068383   0.0356516295517949   0.0017637219979613   0.0342425135443605   0.0124162379890898
  0.0247788747137902 0.000293102277824426    0.030434536773476   0.0015370343863037   0.0268508795372724   0.0115313589829805
   0.025150557834497 0.000297498811991787   0.0209371036696382   0.0011419895623485   0.0209036053455998   0.0107157636567014
  0.0255278162020145  0.00030196129417166   0.0156353476176085   0.0009317829333877   0.0163545229879724   0.0099633392170307
  0.0259107334450447 0.000306490713584255   0.0129928380415256   0.0007932739312506   0.0130683872675231  0.00926859175118733
  0.0262993944467204    0.000311088074288   0.0110008627639211   0.0006931797494812   0.0108586905712221  0.00862657389895338
  0.0266938853634212  0.00031575439540234   0.0092108724327663   0.0006133294234353  0.00952313386068402  0.00803282222773239
  0.0270942936438725 0.000320490711333362   0.0088756624100227   0.0005967407917521  0.00887162789971935  0.00748330283434931
  0.0275007080485306 0.000325298072003362   0.0089220279896787    0.000575530849222  0.00874387767773591  0.00697436394862874
  0.0279132186692585 0.000330177543083404   0.0085380462592721   0.0005661200697634  0.00901590416698669  0.00650269451779092
  0.0283319169492974  0.00033513020622966   0.0098208177571614   0.0006176726700406  0.00959682924828386   0.0060652879171869
  0.0287568957035369 0.000340157159323106   0.0100890318359524   0.0006129702702197   0.0104186670845747  0.00565941006939304
  0.0291882491390899 0.000345259516712936   0.0118143603886412   0.0006806351368276   0.0114226579492977   0.0052825713660945
  0.0296260728761763  0.00035043840946366    0.012528175432477   0.0007110720246324   0.0125458476238035  0.00493250188016111
  0.0300704639693189 0.000355694985605617   0.0130037966531601   0.0007259380451495   0.0137111893038079  0.00460712943252492
  0.0305215209288587 0.000361030410389702   0.0143883050107328   0.0007559320093982    0.014823506116872  0.00430456014282651
  0.0309793437427915 0.000366445866545532   0.0162394919738258   0.0008359338583864   0.0157723580299429  0.00402306114665464
  0.0314440338989334 0.000371942554543702   0.0164982218044148   0.0008310118734923   0.0164414391220021  0.00376104520741906
  0.0319156944074174 0.000377521692861872   0.0160823045207068   0.0008104690510457   0.0167228489932878  0.00351705698900033
  0.0323944298235287 0.000383184518254808   0.0162613395427139   0.0008322524864012   0.0165336495431555  0.00328976078752277
  0.0328803462708816 0.000388932286028638   0.0149848294076121   0.0008098368568392   0.0158316504360554  0.00307792954790772
  0.0333735514649448 0.000394766270319064   0.0141898943889283   0.0007589515959957   0.0146273746942227  0.00288043501408795
   0.033874154736919  0.00040068776437383   0.0130286360249032   0.0007067188389614   0.0129895909177981  0.00269623888157471
  0.0343822670579728 0.000406698080839447   0.0111551771345411   0.0006271560723932    0.011042606891885  0.00252438483801211
  0.0348980010638424 0.000412798552052043   0.0085743995238373   0.0005260003735524  0.00895466643516627  0.00236399139188384
     0.0354214710798 0.000418990530332808   0.0071140096362787   0.0004650952666454   0.0069182296552038  0.00221424540203116
   0.035952793145997 0.000425275388287787   0.0051931455135132   0.0003700842567092  0.00512451098097336  0.00207439623140916
  0.0364920850431869 0.000431654519112128   0.0035152495181154   0.0003036624341081     0.00373611472663  0.00194375045781261
  0.0370394663188347 0.000438129336898808   0.0032998140263018   0.0002892836638573  0.00286252952580555  0.00182166708235963
  0.0375950583136173 0.000444701276952298   0.0029905893716726   0.0002690606892715   0.0025432099840871  0.00170755318351479
  0.0381589841883215 0.000451371796106553   0.0029398074117962   0.0002781141098391  0.00274178745667665  0.00160085997051583
  0.0387313689511463  0.00045814237304817   0.0035389140244108   0.0002944614702997  0.00335278945974952  0.00150107919536943
  0.0393123394854135 0.000465014508643872   0.0040531797203897   0.0003133394697771  0.00421966119437639   0.0014077398872129
  0.0399020245776947 0.000471989726273532   0.0054515364832224   0.0003772149936861   0.0051606002652336  0.00132040537688944
  0.0405005549463601 0.000479069572167659   0.0058310494951699    0.000379755533848  0.00599734100703775  0.00123867058313786
  0.0411080632705555  0.00048625561575017   0.0065533957745288    0.000408419301372  0.00658181272772265  0.00116215953491786
  0.0417246842196139 0.000493549449986426   0.0070472832207112   0.0004389924659583   0.0068164160215624  0.00109052310713739
  0.0423505544829081 0.000500952691736213   0.0071590539480828   0.0004365436539002  0.00666513821081104  0.00102343694946893
  0.0429858128001517 0.000508466982112255   0.0060243978043303   0.0003877140258163  0.00615444673014581 0.000960599590077678
   0.043630599992154 0.000516093986843957    0.005697158509965   0.0003797273981468    0.005364542109039 0.000901730697974834
  0.0442850589920363 0.000523835396646596   0.0043935162581728   0.0003213330540672  0.00441293427311214 0.000846569489382078
  0.0449493348769168 0.000531692927596298   0.0035114272555849   0.0002925661873846   0.0034333205895368 0.000794873264978242
  0.0449493348769168 0.000531763133237191   0.0035702238788291   0.0001950925933306  0.00343333031820424 0.000794873614247229
  0.0456235749000706 0.000539739580235745    0.002550506709546   0.0001456312950075  0.00255332312034912 0.000746416392986297
  0.0456235749000706 0.000539668321510255   0.0025141338412462   0.0002367339869326   0.0025533050472379 0.000746416066218025
  0.0463079285235716 0.000547763346332894     0.00140168982567   0.0001867306868944  0.00187452671024526 0.000700987440086076
  0.0463079285235716 0.000547835673939277   0.0018172132379971   0.0001083611790176  0.00187454961542919 0.000700987745872716
  0.0470025474514252 0.000555979796527915   0.0012746411309033   0.0001685176674596  0.00145823211912394 0.000658391302694916
  0.0470025474514252  0.00055605320904834   0.0014050863420539    8.67717385479e-05   0.0014582558177195 0.000658391588909937
  0.0477075856631966  0.00056431949347583   0.0012338307976537   0.0001630145486377  0.00131830348909039 0.000618444893068294
  0.0477075856631966 0.000564394007184085   0.0012141202330058    7.62374002788e-05  0.00131832410570075 0.000618445161021089
  0.0484231994481445  0.00057285991729183   0.0015056928501409    9.03820382727e-05  0.00142244889775932 0.000580978060191414
  0.0484231994481445 0.000572784285877957   0.0013274000423055   0.0001623820122369  0.00142243445239148  0.00058097780928434
  0.0491495474398667 0.000581376050166128   0.0019572359572244   0.0002031612378725  0.00170079264662974 0.000545831119898426
  0.0491495474398667 0.000581452816051234    0.001801814843398   0.0001013050324138  0.00170079908006642 0.000545831354890488
  0.0498867906514647 0.000590096690918596   0.0021403378169141   0.0002199008166554  0.00206037332558026  0.00051285654423314
  0.0498867906514647    0.000590174608292   0.0019971331712569   0.0001101030950086  0.00206037139639161   0.0005128567643616
  0.0506350925112366 0.000599027227416383   0.0025084293264081   0.0001317423642033  0.00240247753627183 0.000481915901964128
  0.0513946188989052 0.000608012635827617   0.0027346147783971   0.0001410215378927  0.00264045963845786 0.000452879576292289
  0.0521655381823887 0.000617132825365021   0.0028859973702964   0.0001466034269358  0.00271475679732329 0.000425627145276646
  0.0529480212551246 0.000626389817745489   0.0026610059682972   0.0001352494937631  0.00260280299316708 0.000400045918909297
  0.0537422415739514 0.000635785665011702   0.0023108719112829   0.0001171793185002  0.00232191975915881 0.000376030606625499
  0.0545483751975607 0.000645322449986851   0.0020264113990674   0.0001045593301023  0.00192440322942674 0.000353482805727356
  0.0553666008255241 0.000655002286736681   0.0015016269796448     8.1380585975e-05  0.00148538635577739 0.000332310527554246
   0.056197099837907 0.000664827321037702   0.0010364150667894     6.1465344547e-05  0.00108563839275865 0.000312427758392619
  0.0570400563354756 0.000674799730853277   0.0008510517663907    5.27160270657e-05 0.000792903127562283 0.000293754052378533
  0.0578956571805077 0.000684921726816085   0.0006790022641555     4.3819373184e-05 0.000646182375355507 0.000276214153882267
  0.0587640920382153 0.000695195552718298   0.0006603899346048    4.36968682049e-05 0.000647081437932766 0.000259737647078275
  0.0596455534187885 0.000705623486009106   0.0007502581253893     4.5831881962e-05 0.000760773485804076 0.000244258630597836
  0.0605402367200703 0.000716207838299234   0.0009200450798089    5.36658458995e-05  0.00092660158302047 0.000229715415337946
  0.0614483402708714 0.000726950955873702   0.0010757625424724      6.063895278e-05  0.00107554952704565 0.000216050243660184
  0.0623700653749344  0.00073785522021183   0.0011040904054338    6.07126906083e-05  0.00114968610270446 0.000203209028358985
  0.0633056163555585 0.000748923048514979   0.0010821727373727    5.99406688554e-05  0.00111795883440605  0.00019114110991135
  0.0642552006008918 0.000760156894242723   0.0009289709320624    5.40361497115e-05 0.000983678580864549 0.000179799030640958
  0.0652190286099052 0.000771559247656383   0.0008613860611342    5.25260314485e-05 0.000781467937042252 0.000169138324539754
  0.0661973140390538 0.000783132636371191   0.0005824076987455    3.91388442828e-05 0.000564671535402479 0.000159117321590792
  0.0671902737496396 0.000794879625916766   0.0004007549448267    3.15989567012e-05  0.00038729028312766 0.000149696965527849
  0.0681981278558842 0.000806802820305532   0.0003343741757042    2.91078935788e-05 0.000286394033979345 0.000140840644051402
  0.0692210997737224 0.000818904862610128   0.0002217585019132     2.2007827312e-05  0.00027092854971599 0.000132514030597302
  0.0702594162703283 0.000831188435549277   0.0003410965992065    2.60930800617e-05 0.000320693159300043   0.0001246849368248
  0.0713133075143832 0.000843656262082511   0.0003286921212861    2.60080943588e-05  0.00039564807660133  0.00011732317505499
  0.0723830071270989 0.000856311106013745   0.0004343762031577    3.13569038903e-05 0.000451905231066415 0.000110400429949746
  0.0734687522340054 0.000869155772603957   0.0004854961967439    3.22695900331e-05 0.000458244032688637 0.000103890138775381
  0.0745707835175154 0.000882193109193021   0.0003834227260787    2.82126746622e-05 0.000406823568253139 9.77673796449798e-05
  0.0756893452702782 0.000895426005830894   0.0003300785137103     2.5694418276e-05 0.000314093933407807 9.20087671789406e-05
  0.0768246854493324 0.000908857395918383   0.0002050966110325    1.87506985629e-05  0.00021190035102368 8.65923550652867e-05
  0.0779770557310723 0.000922490256857149   0.0001601608531518    1.65843697913e-05 0.000132847789198573 8.14975450398165e-05
  0.0791467115670384     0.00093632761071   0.0001228550659953    1.52594506261e-05 9.64067570114072e-05 7.67050018416983e-05
   0.080333912240544 0.000950372524870638   0.0001297158560766    1.54857430574e-05 0.000101819765777883 7.21965737327806e-05
  0.0815389209241521 0.000964628112743702   0.0001282253455408    1.58565695828e-05 0.000130654261010307 6.79552181989864e-05
  0.0827620047380144 0.000979097534434851   0.0001603637612999    1.70214644527e-05 0.000157259815325787 6.39649324799161e-05
  0.0840034348090846 0.000993783997451404   0.0001610703513376    1.64743524559e-05 0.000161649331260553 6.02106885983788e-05
  0.0852634863312209  0.00100869075741315   0.0001785404540417    1.71004641769e-05 0.000138350315956799  5.6678372585168e-05
  0.0865424386261892  0.00102382111877434    0.000113773852813    1.43332541284e-05 9.71062886676189e-05 5.33547276162104e-05
   0.087840575205582  0.00103917843555596    5.93024567138e-05     1.0411459255e-05  5.5744233758604e-05 5.02273007993458e-05
  0.0891581838336657  0.00105476611208932     3.2614999847e-05     8.9529712887e-06 2.96705586884865e-05 4.72843933666076e-05
  0.0891581838336657  0.00105517142056757    2.64177095203e-05     2.1610873798e-06 2.96758200530424e-05 4.72844486621521e-05
  0.0904955565911707  0.00107099899187609    2.38520917917e-05     2.0674373947e-06 2.40126720192338e-05  4.4515066057305e-05
  0.0904955565911707  0.00107058760377064    3.85289708366e-05     8.2746640435e-06 2.40090842629182e-05 4.45150140450723e-05
  0.0918529899400382  0.00108664641782719    3.11325815659e-05     7.6620056888e-06 3.24727894209295e-05 4.19088353952671e-05
  0.0918529899400382  0.00108706397675426    3.34377099608e-05     2.4514973849e-06 3.24732181988656e-05 4.19088843215808e-05
  0.0932307847891388   0.0011029461140946    5.17165499648e-05     9.7268675689e-06 4.28419906435161e-05 3.94561529208473e-05
  0.0932307847891388  0.00110336993640557    4.32358092114e-05     2.8627468535e-06 4.28398460508228e-05 3.94561989465546e-05
  0.0946292465609759  0.00111949030580604    4.46856527732e-05    1.06418723668e-05 4.50191992986402e-05 3.71478467669004e-05
  0.0946292465609759  0.00111992048545166    4.40391223886e-05     2.8423655091e-06  4.5016449782178e-05 3.71478900659915e-05
  0.0960486852593905  0.00113628266039311    2.57805066006e-05     7.1152974064e-06 3.64739969279767e-05 3.49753458368572e-05
  0.0960486852593905   0.0011367192927334     3.8395801562e-05     2.5767975229e-06 3.64725497042787e-05 3.49753865727088e-05
  0.0974894155382814  0.00115332690029902    2.39978453406e-05     9.2783073973e-06 2.21066300959726e-05  3.2930594169702e-05
  0.0974894155382814  0.00115377008212443    2.04901178441e-05     1.7115565365e-06 2.21071511124396e-05 3.29306324957399e-05
  0.0989517567713556  0.00117062680380349    2.63625813917e-05     6.7894420626e-06 9.51038098607164e-06 3.10060194300236e-05
  0.0989517567713556   0.0011710766333563    1.01232683011e-05     1.2258582473e-06 9.51212491260665e-06 3.10060554903434e-05
   0.100436033122926  0.00118864278285664     2.1234691899e-06     1.0365726053e-06 3.51577626742869e-06 2.91945373034613e-05
    0.10194257361977  0.00120647242459949     3.4791074804e-06     1.0240925996e-06 3.78850843335479e-06  2.7489386086579e-05
   0.103471712224066  0.00122456951096847     6.6663207577e-06     1.0271410194e-06 6.51548873524225e-06 2.58843104365998e-05
   0.105023787907427  0.00124293805363298     7.5669258339e-06     1.0258990782e-06 8.01254510233774e-06 2.43733950534013e-05
   0.106599144726039  0.00126158212443749     7.1136460293e-06      9.173498499e-07 7.13743005951046e-06 2.29510779102175e-05
   0.108198131896929  0.00128050585630404     3.9200808991e-06      9.218302242e-07 4.99796102833216e-06 2.16121288399393e-05
   0.109821103875383   0.0012997134441486     3.4339854369e-06      8.411983549e-07 3.04567618131196e-06 2.03516294468869e-05
   0.111468420433514  0.00131920914581085      5.797651093e-07      8.843936574e-07    1.76003103787e-06 1.91649542596128e-05
   0.113140446740017    0.001338997282998       -9.1292593e-08      8.101139621e-07 9.48671107090964e-07 1.80477530458846e-05
   0.114837553441117  0.00135908224224298      -3.40010616e-08      8.719592777e-07 7.07036057034322e-07 1.69959342161946e-05
   0.116560116742734  0.00137946847587664     2.6196968378e-06      8.749598306e-07  1.5076989737598e-06 1.60056492469868e-05
   0.118308518493875  0.00140016050301477     3.0105414589e-06      8.506230927e-07  3.2655945276763e-06 1.50732780592965e-05
   0.120083146271283     0.00142116291056     5.4795488448e-06      8.694283855e-07 4.79078160548124e-06 1.41954152926976e-05
   0.121884393465352  0.00144248035421838     5.1329855159e-06       8.72142597e-07 4.74397863996369e-06 1.33688574183652e-05
   0.123712659367332  0.00146411755953166     3.0149835546e-06      8.266049714e-07 3.24213941094553e-06 1.25905906387052e-05
   0.125568349257842  0.00148607932292464     2.7260335357e-06      8.091936401e-07 2.07011002162494e-06 1.18577795244046e-05
    0.12745187449671  0.00150837051276851     3.8572892711e-06      9.354409359e-07 2.84463788720762e-06 1.11677563429227e-05
    0.12936365261416  0.00153099607046004     5.5120910508e-06      9.919121211e-07 5.07115635689032e-06 1.05180110354028e-05
   0.131304107403373  0.00155396101151694     6.9371224715e-06       9.38464241e-07 6.54226375146861e-06 9.90618180174169e-06
   0.133273669014423   0.0015772704266897     5.5759044423e-06      9.436602045e-07 5.87017574362849e-06 9.33004625612865e-06
    0.13527277404964  0.00160092948309004     3.8408505275e-06      9.770399032e-07 4.15976007917675e-06 8.78751311777056e-06
   0.137301865660384  0.00162494342533638      5.963471347e-06      8.600812805e-07  3.6434301424858e-06 8.27661440376403e-06
    0.13936139364529  0.00164931757671643     3.0915002613e-06      9.726106131e-07 4.89216397436109e-06 7.79549809317072e-06
   0.141451814549969  0.00167405734036719     4.9001202738e-06      8.747347442e-07  6.1770547670296e-06 7.34242123331113e-06
   0.143573591768219  0.00169916820047268     4.2447145593e-06      9.041986607e-07 5.82314131258443e-06 6.91574346112274e-06
   0.145727195644742  0.00172465572347979     4.7940705701e-06      8.909545636e-07 4.38324905306093e-06  6.5139209141381e-06
   0.147913103579413  0.00175052555933196     3.2754258718e-06      8.561698662e-07 3.70386941257354e-06 6.13550050723752e-06
   0.150131800133105  0.00177678344272196     4.6546469466e-06      8.642460954e-07  4.3079446812574e-06 5.77911455282602e-06
   0.152383777135101  0.00180343519436277     5.0028765602e-06      8.246352045e-07 4.84672535294215e-06 5.44347570348312e-06
   0.154669533792128  0.00183048672227821     5.0232512755e-06      8.476660063e-07 4.24348735448278e-06 5.12737219744101e-06
   0.156989576799009  0.00185794402311238      2.158671242e-06      7.921744058e-07 3.19561057772232e-06 4.82966338847169e-06
   0.159344420450995  0.00188581318345906     2.0148212964e-06      7.614925828e-07 2.89094648105995e-06 4.54927554290796e-06
    0.16173458675776  0.00191410038121098     3.5314349043e-06      7.646319058e-07 3.17685731548435e-06 4.28519788759479e-06
   0.164160605559126  0.00194281188692915     3.4402721034e-06      7.882108382e-07 3.04288818830777e-06 4.03647889357145e-06
   0.166623014642513  0.00197195406523306      2.510055326e-06      7.434701609e-07  2.3472739203465e-06 3.80222278122508e-06
    0.16912235986215  0.00200153337621157     1.7853780595e-06      7.154524361e-07 1.86814696877264e-06   3.581586233535e-06
   0.171659195260083  0.00203155637685472      8.118987383e-07      7.525277031e-07 1.86871979908629e-06 3.37377530485097e-06
   0.174234083188984  0.00206202972250757     3.7619427214e-06      6.917744622e-07 1.79191428276797e-06 3.17804251342173e-06
   0.176847594436819  0.00209296016834519      8.344786262e-07      7.462335886e-07 1.38513566192382e-06 2.99368410661247e-06
   0.179500308353371  0.00212435457087034     1.0793809207e-06      6.948925262e-07 1.05402807601161e-06 2.82003748842794e-06
   0.182192812978671   0.0021562198894334      4.491152697e-07       7.18237818e-07 9.92613374323428e-07 2.65647879959354e-06
   0.184925705173351  0.00218856318777489     1.6836977013e-06      6.488642643e-07 9.01780756709346e-07 2.50242064104123e-06
   0.187699590750952  0.00222139163559153       5.24778367e-08      7.162940999e-07 6.66499004918425e-07  2.3573099322058e-06
   0.190515084612216   0.0022547125101254     2.0755658395e-06      6.423676845e-07 5.10971090385833e-07 2.22211012790671e-06
   0.193372810881399  0.00228853319777728     1.0566319973e-06      7.030006468e-07 4.86845042378631e-07 2.11091237223652e-06
    0.19627340304462  0.00232286119574396      5.923125768e-07      7.482106051e-07 4.76599815184365e-07 2.04522494287283e-06
