# intensity: 1.04151021758632
# background: 0
#           Q (1/A)             dQ (1/A)                    R                   dR               theory              fresnel
  0.0079921268598835  9.4000821196766e-05     1.04863644969929   0.0890480851025465     1.04151021758632     1.04151021758632
  0.0081120087627818 9.54108335147234e-05     1.17772081208565   0.0876250108456545     1.04151021758632     1.04151021758632
  0.0082336888942235 9.68419960174043e-05    0.983738705714067   0.0752765400386199     1.04151021758632     1.04151021758632
  0.0083571942276368 9.82946259577021e-05     1.04899435595368   0.0744038853449382     1.04151021758632     1.04151021758632
  0.0084825521410514 9.97690453470638e-05     1.13337317593172   0.0741300163960477     1.04151021758632     1.04151021758632
  0.0086097904231672 0.000101265581027277     1.12987909482977   0.0699668154469541     1.04151021758632     1.04151021758632
  0.0087389372795147 0.000102784564742681    0.953504008346744   0.0609347131734548     1.04151021758632     1.04151021758632
  0.0088700213387074 0.000104326333213787     1.08651381119175   0.0621287194039485     1.04151021758632     1.04151021758632
   0.009003071658788    0.000105891228212     1.07750725742869   0.0591489824882109     1.04151021758632     1.04151021758632
  0.0091381177336698 0.000107479596635191     1.07366160087546   0.0558269161221903     1.04151021758632     1.04151021758632
  0.0092751894996749 0.000109091790584723     1.11529630496092   0.0544942830319446     1.04151021758632     1.04151021758632
    0.00941431734217 0.000110728167443489     1.06411462784891   0.0512037193970306     1.04151021758632     1.04151021758632
  0.0095555321023025 0.000112389089955149     1.02400379570899   0.0478533593194931     1.04151021758632     1.04151021758632
  0.0095555321023025 0.000112708965657106     1.11233254202617    0.105451111848948     1.04151021758632     1.04151021758632
  0.0096988650838371 0.000114399600141957    0.999229996079891    0.092784463812752     1.04151021758632     1.04151021758632
  0.0098443480600946 0.000116115594144085     1.02127835885256   0.0879037891850052     1.04151021758632     1.04151021758632
   0.009992013280996 0.000117857328056255     1.04111315906898   0.0874121140231738     1.04151021758632     1.04151021758632
   0.010141893480211 0.000119625187977106     1.11957181096138   0.0877916144253445     1.04151021758632     1.04151021758632
  0.0102940218824141 0.000121419565796766     1.10474770122713   0.0835799448081559     1.04151021758632     1.04151021758632
  0.0104484322106503 0.000123240859283702     1.14860097579559   0.0798048074866907     1.04151021758632     1.04151021758632
  0.0106051586938101 0.000125089472172936     1.00393460299538   0.0714981795574972     1.04151021758632     1.04151021758632
  0.0107642360742173 0.000126965814255532     1.11338941838113   0.0695885857776826     1.04151021758632     1.04151021758632
  0.0109256996153305 0.000128870301469362     1.06111053067175   0.0652919605217164     1.04151021758632     1.04151021758632
  0.0110895851095605 0.000130803355991404    0.936936413727754   0.0602863389222612     1.04151021758632     1.04151021758632
  0.0112559288862039 0.000132765406331277     1.04121159901358   0.0620017096893315     1.04151021758632     1.04151021758632
  0.0114247678194969 0.000134756887426255     1.06797445421238   0.0588706488899714     1.04151021758632     1.04151021758632
  0.0115961393367894  0.00013677824073766     1.04978382331083   0.0562067768774441     1.04151021758632     1.04151021758632
  0.0117700814268412 0.000138829914348723     1.07492284232674   0.0541993548249115     1.04151021758632     1.04151021758632
  0.0117700814268412 0.000139186803588681     1.13575696453373     0.13519686181163     1.04151021758632     1.04151021758632
  0.0119466326482438 0.000140912363063957     1.03921319315789   0.0510920750779176     1.04151021758632     1.04151021758632
  0.0119466326482438 0.000141274605642511    0.974084600607317    0.121527284508149     1.04151021758632     1.04151021758632
  0.0121258321379675 0.000143393724727149     1.19898091815369     0.13196447352462     1.04151021758632     1.04151021758632
   0.012307719620037 0.000145544630598085     1.10973491197099    0.119836493740823     1.04151021758632     1.04151021758632
  0.0124923354143376 0.000147727800057021      1.1318448879879    0.118387682799082     1.04151021758632     1.04151021758632
  0.0126797204455526 0.000149943717057915    0.904010661324849   0.0999603474731049     1.04151021758632     1.04151021758632
  0.0128699162522359 0.000152192872813745     1.05270910878013    0.106414460701292     1.04151021758632     1.04151021758632
  0.0130629649960195 0.000154475765905957    0.799530943514912   0.0870089826444298     1.04151021758632     1.04151021758632
  0.0132589094709597 0.000156792902394553    0.923330470758066   0.0947656726956218     1.04151021758632     1.04151021758632
  0.0134577931130241 0.000159144795930468    0.902643465408153   0.0895005206600768     1.04151021758632     1.04151021758632
  0.0136596600097195 0.000161531967869447     1.01012822263212   0.0937828306283215     1.04151021758632     1.04151021758632
  0.0138645549098653 0.000163954947387489     1.10444715928791    0.097327035508568     1.04144372945527     1.04116784134272
  0.0140725232335133 0.000166414271598298     1.12018305394146   0.0968412449659269     1.03945135675958     1.03096488859838
   0.014283611082016 0.000168910485672255     1.06705169961511   0.0908272215027002     1.02417633993421    0.954011148632158
  0.0144978652482462 0.000171444142957362    0.884848793595783   0.0781829363659859    0.983801547245225    0.759376461416362
  0.0147153332269699 0.000174015805101702     0.83937463064144   0.0734458845216094    0.933854522711724    0.539921209580462
  0.0149360632253744 0.000176626042178213    0.878408528880152   0.0733045948432982    0.893464417754577    0.393269455741851
  0.0151601041737551 0.000179275432810894    0.828508795355106   0.0690089930742297     0.86056099399518    0.309362810334468
  0.0153875057363614 0.000181964564303064    0.777327786351326   0.0639744587231061    0.827614372592137    0.254700068044395
  0.0153875057363614 0.000182013794283745     0.84773488882456   0.0668518828225219    0.827613838595048    0.254702669629597
  0.0156183183224068 0.000184694032767617    0.725283200300831    0.059556789873032    0.790910651806478    0.214887062846251
  0.0156183183224068    0.000184744001198      0.7824127850885   0.0612520183972426    0.790909810597375    0.214888711527294
  0.0158525930972429 0.000187515161215957    0.664815069964738   0.0526613181024441    0.748484043495513    0.184232065446702
  0.0158525930972429 0.000187464443259149    0.750406638459928    0.060612149114965    0.748485100747155    0.184230924697561
  0.0160903819937015 0.000190327888634213    0.765979632480106   0.0565474209619238    0.698937551237432    0.159812093866204
  0.0163317377236071 0.000193182806963702    0.622624032401562   0.0476141462291121    0.641268563006902    0.139892501742692
  0.0165767137894612  0.00019608054906817    0.544012465969543   0.0426660274232627    0.575027615801901    0.123351721293278
  0.0168253644963031  0.00019902175730417    0.478330670595353   0.0377929547915745    0.500632764989441     0.10942331763897
  0.0170777449637476 0.000202007083663745    0.414539729328889   0.0333111398749259    0.419738614403532   0.0975613205596235
  0.0173339111382038 0.000205037189918723    0.323172055300593   0.0279256789427188    0.335492045175116   0.0873640762607256
  0.0175939198052769 0.000208112747767489    0.238246913775316   0.0226983479319838    0.252449673135554   0.0785283676481483
   0.017857828602356    0.000211234438984    0.174368717552485   0.0184130961208438    0.175981088427383   0.0708203748149564
  0.0181256960313914 0.000214402955568766    0.106913518253589   0.0129096805889333    0.111200935068101   0.0640565512361151
  0.0183975814718623 0.000217618999902298   0.0730154844328676   0.0107984396044858   0.0617772972086213    0.058090611240118
  0.0186735451939402 0.000220883284900808   0.0289161443193337   0.0062803799704709   0.0291204899733924   0.0528044288581956
  0.0189536483718493  0.00022419653417434   0.0187746288471569   0.0051346998280486     0.01229130581538   0.0481015209524088
   0.019237953097427 0.000227559482186936   0.0073714805751474   0.0036247948441495  0.00858270273935277   0.0439022849139293
  0.0195265223938884 0.000230972874419745   0.0180654955419089   0.0047850809556825   0.0144215452576109   0.0401404560525773
  0.0198194202297968 0.000234437467536043   0.0265410427499707   0.0054338574789754   0.0261991218164884   0.0367604305668271
  0.0201167115332437 0.000237954029549106   0.0416031327493168   0.0063944094250229   0.0408098322521894   0.0337152141223547
  0.0204184622062424  0.00024152333999234   0.0727120311153051   0.0081707715353819   0.0558765674572281   0.0309648300205861
   0.020724739139336 0.000245146190092213   0.0717580520781152   0.0083679612803893   0.0697533601768901   0.0284750699642832
   0.021035610226426 0.000248823382943617   0.0739390218249235    0.008074375864635   0.0814147483379253   0.0262165035986979
  0.0213511443798224 0.000252555733687745   0.0881980030324602   0.0091254190757415   0.0903121665603494   0.0241636858677898
  0.0216714115455197 0.000256344069693064   0.0942942563619938   0.0087665633321807   0.0962406027243183    0.022294517244259
  0.0219964827187025 0.000260189230738468    0.107632988653318   0.0097352224819296   0.0992316349090391   0.0205897232883607
  0.0223264299594831 0.000264092069199532   0.0927303835784309   0.0086623041717488   0.0994741305034937    0.019032428210537
  0.0226613264088753 0.000267763679516213   0.0961027156862868   0.0045463153109038   0.0972592031294183   0.0176077040043582
  0.0226613264088753 0.000268053450237532   0.0999546450806763   0.0088210659121465   0.0972578101437777   0.0176078031176303
  0.0230012463050085 0.000271780134708936    0.101157775389901   0.0047270943984055   0.0929347065078326   0.0163026842905061
  0.0230012463050085 0.000272074251991106   0.0906024041693166   0.0080300810664526   0.0929335998858695   0.0163027740603687
  0.0233462649995836 0.000275856836729574    0.090162894317506   0.0041872408277076   0.0868863325794123   0.0151056968587823
  0.0233462649995836 0.000276155365770979   0.0913305200361573   0.0078715491308181   0.0868855157380799   0.0151057783153164
  0.0236964589745773 0.000280297696257532   0.0882342939330313    0.007593953903995    0.079510268499349   0.0140065598362962
  0.0236964589745773 0.000279994689280511   0.0870221068465363   0.0040112891554224   0.0795108024393803    0.014006485796104
   0.024051905859196 0.000284194609619702   0.0696039553564367    0.003246852514405   0.0712024142601241   0.0129959293081034
   0.024051905859196 0.000284502161701404    0.068961157294094   0.0064862542132455    0.071202148816332   0.0129959967157869
  0.0244126844470839    0.000288457528764   0.0623794532698606   0.0029414196707926   0.0623417896947792   0.0120658934982938
  0.0247788747137902 0.000292784391695489   0.0531078534881214   0.0025350780958957   0.0532876583923959   0.0112091078991266
   0.025150557834497 0.000297176157570894    0.044588774088654   0.0021730222060446   0.0443710718864946   0.0104190590780829
  0.0255278162020145 0.000301633799934468   0.0360861557610077     0.00183256451508   0.0358913810661038  0.00968989933734091
  0.0259107334450447 0.000306158306933489   0.0290525279867752   0.0015205932251241   0.0281131423599288  0.00901636807582396
  0.0262993944467204 0.000310750681537489   0.0221824302981733   0.0012139545987255    0.021263007404614  0.00839372382056631
  0.0266938853634212 0.000315411941760553   0.0150836550575803   0.0009208694351937   0.0155257407784965  0.00781768528531298
  0.0270942936438725 0.000320143120886979   0.0108778912155997   0.0007192612068227     0.01103887173138   0.0072843800969834
  0.0275007080485306 0.000324945267700255   0.0078151483498276   0.0005956363622996   0.0078860925581527  0.00679030005960134
  0.0279132186692585 0.000329819446715787   0.0070369306520016   0.0005293891628393  0.00609024188410185   0.0063322620116634
  0.0283319169492974 0.000334766738416511   0.0048960154903249    0.000452487738868  0.00560735755530778  0.00590737348535247
  0.0287568957035369 0.000339788239492766   0.0062255096566684   0.0005004817676514  0.00632363973348952  0.00551300250125173
  0.0291882491390899 0.000344885063085149   0.0080016924941221   0.0005717780991111  0.00805707979518254  0.00514675093556882
  0.0296260728761763 0.000350058339031404   0.0097656840555161   0.0006621148358107   0.0105649587921513  0.00480643098253182
  0.0300704639693189 0.000355309214116894   0.0128889438780928   0.0007691848905847    0.013557521621584  0.00449004430587549
  0.0305215209288587 0.000360638852328638   0.0157920810890412   0.0008691202119486   0.0167171217596439  0.00419576353284052
  0.0309793437427915 0.000366048435113574   0.0199305095214415   0.0010383522352518   0.0197212644962744  0.00392191579398946
  0.0314440338989334 0.000371539161640298   0.0213186424236264   0.0010865122069009   0.0222674408657331  0.00366696805408732
  0.0319156944074174 0.000377112249064894   0.0239693658454939   0.0011650216301939   0.0240974914436077  0.00342951401469778
  0.0323944298235287 0.000382768932800851   0.0264896449632596   0.0012659684828205    0.025019383370853  0.00320826239911002
  0.0328803462708816 0.000388510466792851   0.0250744152744562   0.0012616143333522   0.0249245606437226  0.00300202645566105
  0.0333735514649448 0.000394338123794766   0.0217757559756806   0.0011057418702645    0.023799281434041  0.00280971453718818
   0.033874154736919 0.000400253195651702   0.0221447604975376   0.0011127398935504   0.0217285222890325  0.00263032163285751
  0.0343822670579728 0.000406256993586468   0.0191028333997278   0.0009825178647315   0.0188911773868826  0.00246292174446481
  0.0348980010638424 0.000412350848490255   0.0159582011190203   0.0008740846364569   0.0155456039658886  0.00230666101291628
     0.0354214710798 0.000418536111217617   0.0126477637594355    0.000727946053149   0.0120053026283783  0.00216075151231356
   0.035952793145997 0.000424814152885872   0.0090806786828611   0.0005738034659072  0.00860583179592762  0.00202446563917737
  0.0364920850431869 0.000431186365179149   0.0052867543606584   0.0004180541021488   0.0056658681336502  0.00189713103308961
  0.0370394663188347 0.000437654160656851   0.0038557889189968   0.0003584166339537  0.00344724575479644  0.00177812597261461
  0.0375950583136173 0.000444218973066723   0.0022403712385076   0.0002636240255996  0.00212017134011897  0.00166687519694764
  0.0381589841883215 0.000450882257662723   0.0019987619884111   0.0002551086461809  0.00173992180273197  0.00156284610947294
  0.0387313689511463  0.00045764549152766   0.0020324331370661   0.0002415138014189  0.00223980823930266  0.00146554532441758
  0.0393123394854135 0.000464510173900553   0.0040045860494984   0.0003436772218552  0.00344225322070259  0.00137451552216145
  0.0399020245776947 0.000471477826509064   0.0049327699322723   0.0004100301346144  0.00508628700947516  0.00128933258259417
  0.0405005549463601 0.000478549993906723   0.0071462936448513   0.0004777425413953  0.00686668641084011  0.00120960296927216
  0.0411080632705555 0.000485728243815319   0.0087420126823219   0.0005461952060135  0.00847819153484659  0.00113496134008393
  0.0417246842196139 0.000493014167472553   0.0109260272917792   0.0006352598575168   0.0096579999143495  0.00106506836273452
  0.0423505544829081 0.000500409379984638   0.0102214195862691   0.0006031456544819   0.0102207281935701 0.000999608715655338
  0.0429858128001517 0.000507915520684383   0.0098331567357939    0.000575465259677   0.0100816255457494 0.000938289256974618
   0.043630599992154 0.000515534253494638   0.0088431947171935   0.0005695231223986   0.0092654773027451 0.000880837345978516
  0.0442850589920363 0.000523267267297064   0.0080592727109636   0.0005123457693423  0.00790013969331078 0.000826999303084299
  0.0449493348769168 0.000532924849195915   0.0066021263107571   0.0003482905550079  0.00619501176841089 0.000776547777950619
  0.0449493348769168 0.000531116276306553   0.0061626625377452   0.0004342733781301  0.00619512904828303 0.000776538995759452
  0.0456235749000706 0.000539083020451149   0.0045626617799239   0.0003809353256053  0.00440742694674968 0.000729236539076374
  0.0456235749000706  0.00054091872193383   0.0047341106988439   0.0002575509540491  0.00440787570589994 0.000729244756397055
  0.0463079285235716 0.000547169265757915   0.0029043227822169   0.0002791190007765  0.00279877174205551 0.000684887100710317
  0.0463079285235716 0.000549032502762851   0.0029112295567609   0.0001674408009212  0.00279969199724359 0.000684894791212154
  0.0470025474514252 0.000557267990304298   0.0014512858904471    9.61616640994e-05  0.00159210735136385 0.000643307000195249
  0.0470025474514252 0.000555376804744255   0.0016609518376533   0.0002145333889219  0.00159089257289959 0.000643299801184718
  0.0477075856631966 0.000563707456815447   0.0010017784421803    0.000168360078464 0.000926671035905633 0.000604296701058165
  0.0477075856631966 0.000565627010158851   0.0008463738267152    6.50336977816e-05 0.000927951975245013 0.000604303441391086
  0.0484231994481445 0.000574111415311234   0.0008401659511862    6.35102035072e-05  0.00084630541801783 0.000567718179689948
  0.0484231994481445  0.00057216306866766   0.0015213526953416   0.0002058650070279  0.00084519474579351  0.00056771186754222
  0.0491495474398667  0.00058074551469766   0.0014263547669575   0.0002033478209629  0.00127654295362413 0.000533390513751468
  0.0491495474398667 0.000582723086540894    0.001216626334932    8.07083912741e-05  0.00127728563139705 0.000533396426061642
  0.0498867906514647 0.000589456697418128   0.0022659972477426   0.0002506043475299  0.00205814081518189 0.000501188204424995
  0.0498867906514647 0.000591463932839021   0.0020835609456905   0.0001207199399594  0.00205839610600921 0.000501193743262385
  0.0506350925112366 0.000600335891831617   0.0032126746520031   0.0001701459374113  0.00296943358292794 0.000470975312425957
  0.0513946188989052 0.000609340930209064   0.0040055697663695    0.000204599867157  0.00377872746978701 0.000442615255464821
  0.0521655381823887 0.000618481044162213   0.0045079184685133   0.0002255025023284  0.00429101083341254 0.000415996008669281
  0.0529480212551246 0.000627758259824638   0.0046331930008069   0.0002291291709966  0.00438695888727523 0.000391007743308997
  0.0537422415739514    0.000637174633722   0.0039960962543907   0.0001974495511621  0.00404614855311439 0.000367547829416649
  0.0545483751975607  0.00064673225322783   0.0034683748015943   0.0001734559008172  0.00334837968448465 0.000345520339271879
  0.0553666008255241 0.000656433237026255   0.0024076009159713   0.0001264248589791  0.00245250088753167 0.000324835587409746
   0.056197099837907  0.00066627973558166   0.0015732178699956    9.11343452138e-05  0.00155669740333531 0.000305409704254207
  0.0570400563354756 0.000676273931615404   0.0008673219317923    5.73947044803e-05 0.000848944536067597 0.000287164240727566
  0.0578956571805077 0.000686418040589617   0.0004837872639952    3.86186960821e-05 0.000459778692731394 0.000270025801413472
  0.0587640920382153 0.000696714311198468   0.0004451359409994    3.97520065256e-05 0.000430144278796433 0.000253925704056648
  0.0596455534187885 0.000707165025866425   0.0007467878265819    5.00334396383e-05 0.000703800755901905 0.000238799663369134
  0.0605402367200703 0.000717772501254426   0.0011231483025485    6.72601482073e-05  0.00114700581084675 0.000224587497282335
  0.0614483402708714 0.000728539088773234   0.0017030356997343    9.24621489706e-05  0.00158996428583473 0.000211232853938252
  0.0623700653749344 0.000739467175104851   0.0018345907858199    9.71779241074e-05  0.00187772388133717 0.000198682957853589
  0.0633056163555585 0.000750559182731404   0.0019469602341804   0.0001018851544028  0.00191517919058255 0.000186888373818075
  0.0642552006008918 0.000761817570472383   0.0015404613767653    8.53522071686e-05  0.00169254642565789 0.000175802787204894
  0.0652190286099052 0.000773244834029489   0.0013255373622178    7.87002394549e-05  0.00128352645273564 0.000165382799477207
  0.0661973140390538 0.000784843506539915   0.0007672663977077    5.11236877596e-05 0.000816787000676935 0.000155587737771826
  0.0671902737496396    0.000796616159138   0.0004210616245769     3.5278442347e-05 0.000430108997681098 0.000146379477529653
  0.0681981278558842 0.000808565401525106   0.0002617995318398     2.7643152133e-05 0.000222837463655906 0.000137722277223509
  0.0692210997737224 0.000820693882547957   0.0002243200103154     2.7317437683e-05 0.000223529111314386 0.000129582624308128
  0.0702594162703283  0.00083300429078617   0.0003069349261478    3.04577536747e-05 0.000384597937604988 0.000121929091584947
  0.0713133075143832 0.000845499355147957   0.0005757484036843    4.08935413959e-05 0.000605609708305232 0.000114732203236527
  0.0723830071270989 0.000858181845475192   0.0007632341436493    4.90026275683e-05 0.000775569988726446 0.000107964309842464
  0.0734687522340054 0.000871054573157319   0.0008420779891664    5.24924013238e-05 0.000816936924199161 0.000101599471740982
  0.0745707835175154 0.000884120391754681   0.0005914523159303     4.1292783521e-05 0.000713554821234834 9.56133501484392e-05
  0.0756893452702782 0.000897382197631021   0.0004803286454204    3.50897711705e-05 0.000511593630089977 8.99831054931011e-05
  0.0768246854493324 0.000910842930595489   0.0003427123030536    2.83780110367e-05 0.000294144401606879 8.46873024601401e-05
  0.0779770557310723 0.000924505574554383   0.0002059062364841    2.35034745782e-05  0.00014158917392295 7.97058212821126e-05
  0.0791467115670384 0.000938373158172723    8.61300324691e-05     1.5183132735e-05 9.61333166827636e-05 7.50197748435338e-05
   0.080333912240544 0.000952448755545319   0.0001228933371334     1.6861212449e-05 0.000146681282766714 7.06114311998078e-05
  0.0815389209241521 0.000966735486878468   0.0001703089605543    2.11376898279e-05 0.000240113269880453 6.64641411399071e-05
  0.0827620047380144  0.00098123651918166    0.000267010997495    2.43641083194e-05 0.000311802487748342 6.25622704490837e-05
  0.0840034348090846 0.000995955066969404   0.0002580735342584    2.55822366859e-05 0.000318784743179409 5.88911365526853e-05
  0.0852634863312209  0.00101089439297391   0.0002340442467944    2.32682593199e-05 0.000258439612893444 5.54369492450237e-05
  0.0865424386261892  0.00102605780886855   0.0002054314753324    2.19967113039e-05 0.000164138611891351 5.21867552283835e-05
   0.087840575205582  0.00104144867600157    9.39339507626e-05    1.45619280371e-05 8.22673331555617e-05 4.91283862067696e-05
  0.0891581838336657  0.00105509459607485    4.99909767061e-05     3.4863161753e-06 4.49832008968524e-05 4.62501462971144e-05
  0.0891581838336657  0.00105707040614157    6.89916354556e-05    1.46578583172e-05 4.50421415745906e-05  4.6250410297048e-05
  0.0904955565911707   0.0010729264622337    5.68939003491e-05    1.17567369388e-05 5.48748129058686e-05 4.35420865368146e-05
  0.0904955565911707  0.00107092101501596    6.93506481868e-05     4.5179379863e-06 5.48462442013094e-05 4.35418382065555e-05
  0.0918529899400382  0.00108698483024119   0.0001001772326851     6.0971073117e-06 8.80238265091851e-05  4.0993088681647e-05
  0.0918529899400382  0.00108902035916723    3.93315772539e-05    1.25343066836e-05 8.80127936048561e-05   4.099332228377e-05
  0.0932307847891388  0.00110535566455472    7.87110051372e-05      1.399343801e-05 0.000112941406027899 3.85946333156715e-05
  0.0932307847891388  0.00110328960269481   0.0001195457755716     7.0706833704e-06 0.000112976128129092 3.85944135577218e-05
  0.0946292465609759  0.00111983894673523   0.0001167867905339     6.8019568826e-06 0.000110491011790033 3.63368997093984e-05
  0.0946292465609759  0.00112193599952306     8.3720420916e-05    1.61623773808e-05 0.000110459674009653 3.63371064531703e-05
  0.0960486852593905  0.00113876503951591    6.08378276089e-05    1.32788189704e-05 8.27895837955314e-05 3.42123645401011e-05
  0.0960486852593905  0.00113663653093626    8.43600632997e-05     5.0907349996e-06  8.2798217305969e-05 3.42121700311038e-05
  0.0974894155382814   0.0011536860789003    4.61219922265e-05      3.138198554e-06 4.76617148572162e-05 3.22123506209723e-05
  0.0974894155382814  0.00115584651510864    4.39134424927e-05     1.2777892896e-05 4.76765396890557e-05 3.22125336271622e-05
  0.0989517567713556  0.00117318421283528    3.45844732942e-05    1.20024112177e-05 2.37860653072086e-05  3.0330212215465e-05
  0.0989517567713556  0.00117099137008383    2.32873617139e-05     1.9708762787e-06 2.37622761748051e-05 3.03300400245977e-05
   0.100436033122926  0.00118855624063506    2.02292333412e-05     1.7332675956e-06 1.85266011925261e-05 2.85582804048926e-05
    0.10194257361977   0.0012063845842446    2.74847916476e-05     2.1300532235e-06  2.6045883459071e-05 2.68905305133844e-05
   0.103471712224066  0.00122448035300826    3.83771915878e-05     2.6310043807e-06 3.43532114241493e-05 2.53206403467026e-05
   0.105023787907427   0.0012428475583034    3.71689041151e-05     2.5528311367e-06 3.49073343396272e-05  2.3842827379832e-05
   0.106599144726039  0.00126149027167796    2.85354228809e-05     1.9931929888e-06 2.71723431340137e-05 2.24516542749783e-05
   0.108198131896929  0.00128041262575311    1.36119056762e-05     1.3885814103e-06 1.64793955084639e-05 2.11420079716502e-05
   0.109821103875383   0.0012996188151394     6.0870250237e-06     1.0655087966e-06 8.68455421956945e-06 1.99090800698385e-05
   0.111468420433514  0.00131911309736651     5.0386896702e-06      9.998131927e-07  6.2942480541945e-06 1.87483484240206e-05
   0.113140446740017  0.00133889979382698     6.9640802031e-06     1.1885318366e-06 8.00949836120786e-06   1.765555987115e-05
   0.114837553441117  0.00135898329073438    1.02793163146e-05     1.2577796491e-06 1.05817131915123e-05 1.66267140208545e-05
   0.116560116742734   0.0013793680400954    1.23793026051e-05     1.2768917404e-06 1.10874786433917e-05 1.56580480407724e-05
   0.118308518493875  0.00140005856069685      7.079075247e-06     1.0925036769e-06 8.58780271127914e-06 1.47460223743439e-05
   0.120083146271283  0.00142105943910732     3.8283882376e-06     1.0312591301e-06 4.65147830475624e-06 1.38873073324632e-05
   0.121884393465352  0.00144237533069391      2.738117977e-06       9.56510465e-07 2.18079771198245e-06 1.30787705042038e-05
   0.123712659367332   0.0014640109606543     4.5427004993e-06      8.562683622e-07 2.85627844567359e-06 1.23174649353763e-05
   0.125568349257842  0.00148597112506413     2.1480551873e-06     1.0570181348e-06 5.33115733524794e-06 1.16006180269935e-05
    0.12745187449671  0.00150826069194009     5.5950317589e-06     1.0801843814e-06 6.46425961878022e-06 1.09256211087997e-05
    0.12936365261416  0.00153088460231919      3.965552048e-06     1.2114879908e-06 4.81019150487057e-06  1.0290019645902e-05
   0.131304107403373    0.001553847871354     4.0897934163e-06     1.0745647539e-06    2.37912942027e-06 9.69150403923099e-06
   0.133273669014423   0.0015771555894243     4.2660212799e-06      8.810410055e-07 2.13679070026553e-06 9.12790098306389e-06
    0.13527277404964  0.00160081292326566      4.841846617e-06     1.0301651265e-06 4.13285695952705e-06 8.59716534518608e-06
   0.137301865660384  0.00162482511711464     6.1678722101e-06     1.0458457989e-06 5.45902037895589e-06 8.09737253745552e-06
    0.13936139364529  0.00164919749387136     7.2686650386e-06     1.0840825547e-06 4.32264605981419e-06 7.62671134657491e-06
   0.141451814549969  0.00167393545627945     3.6124814334e-06     1.0270616767e-06 2.54177253277197e-06 7.18347719678709e-06
   0.143573591768219  0.00169904448812362     2.9126496627e-06      9.991212094e-07 2.73837642088773e-06 6.76606581799307e-06
   0.145727195644742  0.00172453015544549     2.7671230993e-06      9.551208191e-07 4.37576258829171e-06 6.37296729445856e-06
   0.147913103579413  0.00175039810777715     4.3721672051e-06      9.657681809e-07 4.73887682397639e-06 6.00276047083437e-06
   0.150131800133105  0.00177665407939383     3.8084902155e-06      9.763888693e-07 3.29637627878024e-06 5.65410769367326e-06
   0.152383777135101  0.00180330389058472     4.6713268158e-06      9.634255949e-07 2.40029307619182e-06 5.32574986799024e-06
   0.154669533792128  0.00183035344894349     2.7280995391e-06      9.778862594e-07 3.25826858572107e-06 5.01650180968846e-06
   0.156989576799009  0.00185780875067766     2.6180317459e-06      9.586581541e-07  4.0335251786335e-06 4.72524787586602e-06
   0.159344420450995  0.00188567588193783      4.529597489e-06      8.856741046e-07 3.20691967762328e-06 4.45093785613745e-06
    0.16173458675776  0.00191396102016689     3.1022831944e-06      9.577148991e-07 2.13987743998249e-06 4.19258310914695e-06
   0.164160605559126  0.00194267043546936     2.6501045764e-06       9.47079846e-07 2.39767534206786e-06 3.94925292943125e-06
   0.166623014642513   0.0019718104920014     1.1460769712e-06      9.306587881e-07 2.97591032334494e-06 3.72007113070671e-06
    0.16912235986215  0.00200138764938145     2.6751550284e-06      9.170768816e-07 2.44766864809517e-06 3.50421283251201e-06
   0.171659195260083  0.00203140846412217      5.489698963e-07       9.35956334e-07 1.61545122349692e-06 3.30090143794333e-06
   0.174234083188984    0.002061879591084     1.0532492546e-06      9.261685102e-07 1.68043271091749e-06 3.10940579097221e-06
   0.176847594436819  0.00209280778495026     2.1860232885e-06      9.378579735e-07 1.94161969415216e-06 2.92903750254157e-06
   0.179500308353371  0.00212419990172451        -4.469129e-08      9.241638256e-07 1.48932329138435e-06 2.75914843529682e-06
   0.182192812978671  0.00215606290025038     1.6913462844e-06      8.419763116e-07 9.92630033281666e-07 2.59912833742997e-06
   0.184925705173351  0.00218840384375413       -7.6057838e-08      9.434758397e-07 1.05554289579892e-06 2.44840261669491e-06
   0.187699590750952  0.00222122990141043     1.2323515952e-06      8.912749973e-07 1.05290184357017e-06 2.30643024619741e-06
   0.190515084612216  0.00225454834993162       6.29617411e-07      8.798138219e-07 6.90864562817908e-07 2.17415315339804e-06
   0.193372810881399  0.00228836657518055     -3.293332199e-07      9.318745176e-07 4.92899029808366e-07 2.06535647367443e-06
    0.19627340304462   0.0023226920738083      6.336260329e-07      9.415930823e-07 5.33496740673478e-07 2.00108766051521e-06
