# intensity: 1.10200699873479
# background: 0
#           Q (1/A)             dQ (1/A)                    R                   dR               theory              fresnel
  0.0079921268598835 9.45362659217021e-05     1.14433447518704   0.0948218436245919     1.10200699873479     1.10200699873479
  0.0081120087627818 9.59543099105106e-05    0.992756796805817   0.0813925571191847     1.10200699873479     1.10200699873479
  0.0082336888942235 9.73936245591915e-05     1.20170279704421   0.0850378769903098     1.10200699873479     1.10200699873479
  0.0083571942276368 9.88545289275745e-05     1.18250167626535   0.0799542399432651     1.10200699873479     1.10200699873479
  0.0084825521410514 0.000100337346861489     1.07202345885839   0.0736625518798985     1.10200699873479     1.10200699873479
  0.0086097904231672 0.000101842407064426     1.07748290580223   0.0692890382328068     1.10200699873479     1.10200699873479
  0.0087389372795147 0.000103370043170383     1.06879282201298    0.065800172689738     1.10200699873479     1.10200699873479
  0.0088700213387074 0.000104920593817915     1.08437273597248   0.0631509283577621     1.10200699873479     1.10200699873479
   0.009003071658788 0.000106494402725191     1.20600963675839   0.0637547520810096     1.10200699873479     1.10200699873479
  0.0091381177336698 0.000108091818766085     1.04073748503867   0.0559596110402808     1.10200699873479     1.10200699873479
  0.0092751894996749 0.000109713196047574     1.16768904793351   0.0566500012605393     1.10200699873479     1.10200699873479
    0.00941431734217 0.000111358893988298     1.07027646435024   0.0522928166801137     1.10200699873479     1.10200699873479
  0.0095555321023025    0.000113059865414     1.03122959919482     0.10400666575862     1.10200699873479     1.10200699873479
  0.0095555321023025 0.000113029277398085      1.0441319055862   0.0493354701456315     1.10200699873479     1.10200699873479
  0.0096988650838371 0.000114755763395234     1.13467361928263    0.103472933942724     1.10200699873479     1.10200699873479
  0.0098443480600946  0.00011647709984617     1.15347745746834   0.0977599190533508     1.10200699873479     1.10200699873479
   0.009992013280996  0.00011822425634383     1.11782966835047   0.0909062975659964     1.10200699873479     1.10200699873479
   0.010141893480211 0.000119997620188979     1.05491752581417   0.0831430940477423     1.10200699873479     1.10200699873479
  0.0102940218824141  0.00012179758449183     1.10461267403984   0.0830314708826911     1.10200699873479     1.10200699873479
  0.0104484322106503 0.000123624548259191     1.17415827566192   0.0827871616904666     1.10200699873479     1.10200699873479
  0.0106051586938101 0.000125478916483106      1.1886390850113   0.0815786056484865     1.10200699873479     1.10200699873479
  0.0107642360742173  0.00012736110023034     1.09609980313079   0.0706076353242923     1.10200699873479     1.10200699873479
  0.0109256996153305 0.000129271516733787     1.13396479425686   0.0692526600429167     1.10200699873479     1.10200699873479
  0.0110895851095605 0.000131210589484808     1.06155988152408   0.0656464310757711     1.10200699873479     1.10200699873479
  0.0112559288862039 0.000133178748327064     1.07869171789264   0.0626986097074394     1.10200699873479     1.10200699873479
  0.0114247678194969    0.000135176429552     1.10351802643366   0.0607474421522276     1.10200699873479     1.10200699873479
  0.0115961393367894 0.000137204075995277     1.13209427713886    0.058927543895341     1.10200699873479     1.10200699873479
  0.0117700814268412 0.000139224460171319     1.24063563665626    0.139704287695953     1.10200699873479     1.10200699873479
  0.0117700814268412 0.000139262137135191      1.1892762452815   0.0582866756589594     1.10200699873479     1.10200699873479
  0.0119466326482438 0.000141351069192213     1.17179067836551   0.0543994308252219     1.10200699873479     1.10200699873479
  0.0119466326482438 0.000141312827073872     1.40833696870384    0.148619639353421     1.10200699873479     1.10200699873479
  0.0121258321379675     0.00014343251948     1.17657503911154    0.126629113537083     1.10200699873479     1.10200699873479
   0.012307719620037  0.00014558400727217    0.906047496317976    0.101504217218841     1.10200699873479     1.10200699873479
  0.0124923354143376 0.000147767767381277     1.26601643261385    0.123478029698268     1.10200699873479     1.10200699873479
  0.0126797204455526    0.000149984283892     1.15621594314903    0.111717424928243     1.10200699873479     1.10200699873479
  0.0128699162522359 0.000152234048150383     1.26181923107897    0.117945368823989     1.10200699873479     1.10200699873479
  0.0130629649960195 0.000154517558872638    0.974114306610382   0.0938738680682492     1.10200699873479     1.10200699873479
  0.0132589094709597 0.000156835322255702     1.08211121327372    0.100954804526132     1.10200699873479     1.10200699873479
  0.0134577931130241 0.000159187852089532     1.17329192932386    0.104433708097935     1.10200699873479     1.10200699873479
  0.0136596600097195 0.000161575669870894     1.14566874173224   0.0991648934794772     1.10200699873479     1.10200699873479
  0.0138645549098653 0.000163999304918936     1.07070025225555    0.092056906703117     1.10165514435596     1.10164463484214
  0.0140725232335133 0.000166459294492723     1.14056187226333     0.09489413237812     1.09128435198956     1.09085996001273
   0.014283611082016 0.000168956183910128     1.03789087634832   0.0861923302300207     1.01532286292579     1.00955378558675
  0.0144978652482462 0.000171490526668766    0.971165776781871   0.0803048806428198    0.837583225070148    0.803795745165973
  0.0147153332269699 0.000174062884568809    0.646807691276287   0.0579965808825888    0.665354489642648    0.571541902886767
  0.0149360632253744 0.000176673827837362    0.522965782383868   0.0482232635858934    0.573022201433681    0.416244348793349
  0.0151601041737551 0.000179323935254894    0.545979572145522   0.0483520314299562    0.529517297591786    0.327406751364528
  0.0153875057363614 0.000182013794283745     0.50203936786423    0.044717746626409    0.499708840587502    0.269545572889194
  0.0153875057363614 0.000181817034016638    0.557168695134103   0.0475535147125864    0.499707050313977    0.269534571555691
  0.0156183183224068    0.000184744001198    0.415987555265515   0.0389382017291662    0.472416616250068     0.22740709490758
  0.0156183183224068 0.000184544289526894    0.489944821965396   0.0409634415745161     0.47241660342195    0.227400123666993
  0.0158525930972429 0.000187515161215957    0.453568920052841   0.0395514112039275    0.444717628946683     0.19496192003818
  0.0158525930972429 0.000187312453869787    0.436309209636818     0.03606401916415    0.444718172468157    0.194957096782604
  0.0160903819937015  0.00019012214067783    0.410264590488131   0.0338466106454443    0.415710910875305    0.169114465109917
  0.0163317377236071    0.000192973972788    0.397010410243791   0.0324535305486512     0.38519169272089     0.14803461266379
  0.0165767137894612  0.00019586858237983    0.363033398116956   0.0299117645207225     0.35329004030539    0.130530531602066
  0.0168253644963031 0.000198806611115532    0.308237473404891   0.0261716137350609    0.320338193854818    0.115791077386867
  0.0170777449637476 0.000201788710282255    0.305652800957263   0.0251088442510799    0.286814463109445    0.103238437923037
  0.0173339111382038 0.000204815540936511    0.247818977748052   0.0212742971660301    0.253308366012922   0.0924475392601285
  0.0175939198052769 0.000207887774050553    0.198156604937305    0.017874560240643    0.220487717190018   0.0830974873647409
   0.017857828602356 0.000211006090661277    0.190436941941932   0.0172199335834569    0.189059802643469   0.0749408335184588
  0.0181256960313914 0.000214171182021234     0.16123500751075   0.0147540227047584    0.159724960087345   0.0677833344178475
  0.0183975814718623 0.000217383749751532    0.145015160658161   0.0138931290176264    0.133125056581783   0.0614701803509088
  0.0186735451939402 0.000220644505997787    0.111789994677787   0.0115678226168321    0.109792289340411   0.0558763630770708
  0.0189536483718493 0.000223954173587787   0.0872534590243161   0.0093363897054731   0.0901052218070132   0.0508997788186707
   0.019237953097427 0.000227313486191574   0.0764183712873077   0.0086489759789244   0.0742586726318861   0.0464561882125428
  0.0195265223938884 0.000230723188484468     0.06342584266804   0.0076565592822781    0.062252022008411   0.0424754671182387
  0.0198194202297968 0.000234184036311745    0.053445996735007   0.0065652247893183   0.0538972425213623   0.0388987735032321
  0.0201167115332437 0.000237696796856426   0.0352867948443951   0.0049633126267274   0.0488444523602608   0.0356763764284216
  0.0204184622062424 0.000241262248809234    0.054239253228833   0.0064621297923423   0.0466200211191134   0.0327659714279085
   0.020724739139336 0.000244881182541404   0.0417114458554986   0.0052570350694444    0.046670892018713   0.0301313584642552
   0.021035610226426 0.000248554400279532   0.0457595601656824   0.0053996856165271   0.0484089464482454   0.0277413937479085
  0.0213511443798224 0.000252282716283702   0.0476957713397018    0.005438921708663   0.0512505748306243   0.0255691509045076
  0.0216714115455197 0.000256066957027957   0.0518535797714529   0.0057205287990419   0.0546485304091763   0.0235912439277497
  0.0219964827187025 0.000259907961383362   0.0507778352514266   0.0054083591796171   0.0581150408648367   0.0217872764165708
  0.0223264299594831 0.000263806580804128   0.0572596536988094   0.0058316554823073   0.0612366354680667   0.0201393902949931
  0.0226613264088753 0.000267763679516213   0.0580624248047465   0.0058324900854604    0.063682047984963   0.0186318935679593
  0.0226613264088753 0.000268053450237532   0.0620986618982134    0.003146988150762   0.0636813946248748   0.0186319984487221
  0.0230012463050085 0.000271780134708936   0.0658538695579766   0.0059457034206967   0.0652049032722685   0.0172509513632346
  0.0230012463050085 0.000272074251991106     0.07037804564761   0.0034692209051209   0.0652041520449957   0.0172510463567072
  0.0233462649995836 0.000275856836729574   0.0600526689386538   0.0056586174801274   0.0656428196522826     0.01598432801831
  0.0233462649995836 0.000276155365770979   0.0678446017622434   0.0032836132409205   0.0656420270719295   0.0159844142145583
  0.0236964589745773 0.000279994689280511   0.0653989595018804   0.0057840171372565   0.0649142202975919   0.0148211706189365
  0.0236964589745773 0.000280297696257532   0.0649456000353747   0.0031325796930587   0.0649134386933938   0.0148212489671782
   0.024051905859196 0.000284194609619702   0.0685276121209501   0.0057247162979796   0.0630136877593907   0.0137518264125158
   0.024051905859196 0.000284502161701404    0.063377854614352   0.0030129375523158   0.0630129646246988   0.0137518977422235
  0.0244126844470839 0.000288769694126894   0.0601579893969782   0.0028433798257952   0.0600056015736389   0.0127677531072027
  0.0247788747137902 0.000293101239538809   0.0586183981345931   0.0027545336382908   0.0560198851652174   0.0118611213469283
   0.025150557834497 0.000297497758131915   0.0488280201909635   0.0023436762086126   0.0512395319055986   0.0110251098699254
  0.0255278162020145 0.000301960224503872   0.0493704137236247   0.0023478699733168   0.0458931314573375   0.0102535305883967
  0.0259107334450447 0.000306489627871447   0.0417487112510113   0.0020287956572497   0.0402414716080374  0.00954081669872615
  0.0262993944467204 0.000311086972289489   0.0345745702962982   0.0017081714939855   0.0345623338207463  0.00888195075321335
  0.0266938853634212  0.00031575327687383   0.0279064061485509   0.0014321073539101    0.029133036504326  0.00827240228518742
  0.0270942936438725 0.000320489576026936   0.0248056511885145   0.0012905083543701    0.024211563923075   0.0077080735488616
  0.0275007080485306 0.000325296919667362   0.0214295469558675   0.0011460443719399   0.0200176898136018   0.0071852521776208
  0.0279132186692585 0.000330176373462383   0.0168061131762453   0.0009555379489291   0.0167159402741906  0.00670056976167605
  0.0283319169492974 0.000335129019064298   0.0145215964343606   0.0008757810479046   0.0144023951052151  0.00625096550734559
  0.0287568957035369 0.000340155954350255   0.0127450851985355   0.0007803739533609    0.013097105206006  0.00583365427277601
  0.0291882491390899 0.000345258293665532   0.0124781219083195   0.0007727720326582   0.0127433040268097  0.00544609838429896
  0.0296260728761763 0.000350437168070511   0.0140248990113608   0.0008307318789751   0.0132137204684896  0.00508598272826467
  0.0300704639693189 0.000355693725591574   0.0150708504027107   0.0008698995077522   0.0143233492039252   0.0047511926886057
  0.0305215209288587 0.000361029131475447   0.0159704101548848   0.0008830701921058   0.0158472149190019   0.0044397945633574
  0.0309793437427915 0.000366444568447574    0.018663359914976   0.0010065460515596   0.0175411441176508  0.00415001814615073
  0.0314440338989334 0.000371941236974298   0.0204516265527297   0.0010604979514726    0.019163398431361  0.00388024120308206
  0.0319156944074174 0.000377520355528894   0.0185077158388334   0.0009698319105128   0.0204951855895128  0.00362897561283143
  0.0323944298235287  0.00038318316086183   0.0203854565825006   0.0010590984283714    0.021358429942985  0.00339485496961101
  0.0328803462708816 0.000388930908274766   0.0214286863019521   0.0011237452859217   0.0216296113657602  0.00317662347545854
  0.0333735514649448 0.000394764871898894   0.0217168178097574   0.0011103805555328   0.0212488559297084  0.00297312597132346
   0.033874154736919 0.000400686344977362   0.0202118861095732   0.0010402012355167   0.0202237337656161  0.00278329897598279
  0.0343822670579728 0.000406696640152043   0.0181069978652848   0.0009538099850287   0.0186274115716977  0.00260616261859851
  0.0348980010638424 0.000412797089754298    0.016327025773807   0.0008814443644322   0.0165910000705018  0.00244081336513188
     0.0354214710798 0.000418989046100638   0.0138045694008969   0.0007807029189351   0.0142902356249552  0.00228641745122996
   0.035952793145997 0.000425273881792128   0.0108988619341577   0.0006587004272042   0.0119271237477635  0.00214220494489847
  0.0364920850431869 0.000431652990019021   0.0091893150836497   0.0005834857732916  0.00970786310812607  0.00200746437153008
  0.0370394663188347 0.000438127784869277   0.0072258600465331   0.0005113137393458  0.00781916792408369  0.00188153784187971
  0.0375950583136173  0.00044469970164234   0.0058494129919194   0.0004400903217735  0.00640581212203377  0.00176381663054943
  0.0381589841883215 0.000451370197166979   0.0057248668540632   0.0004302970358702  0.00555256876794481  0.00165373715861403
  0.0387313689511463 0.000458140750124468   0.0057601487052087   0.0004309049177723  0.00527348745030338  0.00155077733931335
  0.0393123394854135  0.00046501286137634   0.0057140609590898    0.000420119211525  0.00551055855613575  0.00145445325036665
  0.0399020245776947 0.000471988054296979   0.0068156026891581   0.0004851088092234  0.00614238327800239  0.00136431610051761
  0.0405005549463601 0.000479067875111447   0.0075288960125848   0.0004913051677468  0.00700181431868802  0.00127994946147696
  0.0411080632705555 0.000486253893238128   0.0080219281982781   0.0005145751127245  0.00790004304170549   0.0012009667395565
  0.0417246842196139 0.000493547701636681   0.0090228182846806   0.0005624041061119  0.00865360314822424   0.0011270088640428
  0.0423505544829081 0.000500950917161234   0.0091219283243137   0.0005587026187775  0.00911038418391747  0.00105774217178804
  0.0429858128001517 0.000508465180918638   0.0089654677702988   0.0005474298323458  0.00917096105839492  0.00099285646964196
   0.043630599992154 0.000516092158632426    0.009253999128741    0.000571651284429  0.00880220158717511 0.000932063258249006
  0.0442850589920363 0.000523833541011915   0.0079701051578818    0.000517957957404  0.00804106863920318 0.000875094102418228
  0.0449493348769168 0.000531691044127106   0.0062508264869388    0.000441188673414  0.00698771808016625 0.000821699134768342
  0.0449493348769168 0.000531761249519277   0.0072894958607872   0.0003890381063039  0.00698770735851492 0.000821699495186744
  0.0456235749000706 0.000539737668262042   0.0065323359485718   0.0003501511976729  0.00578840916982274 0.000771646017915313
  0.0456235749000706 0.000539666409789021   0.0060707229697279   0.0004332234385488  0.00578840573633207 0.000771645680679326
  0.0463079285235716  0.00054776140593583   0.0043965105695762   0.0003644513984018   0.0046103302126496 0.000724716993764946
  0.0463079285235716    0.000547833733286   0.0049733026071587   0.0002722779928275  0.00461034688319666 0.000724717309380195
  0.0470025474514252 0.000555977827024894   0.0028213272370707   0.0002985263723902  0.00361218785043586 0.000680711092135139
  0.0470025474514252 0.000556051239285277   0.0037401248736499   0.0002110979599612  0.00361221445669248 0.000680711387579522
  0.0477075856631966 0.000564317494430255   0.0028169238606461   0.0002859317935224  0.00291553607913337 0.000639439686659076
  0.0477075856631966 0.000564392007874553   0.0029951792355098    0.000172727313111  0.00291556750309664 0.000639439963279294
  0.0484231994481445 0.000572857887992681   0.0026274278904351   0.0001547385825833  0.00258258814571929 0.000600727452328509
  0.0484231994481445 0.000572782256846723   0.0024562804314411   0.0002646192921496  0.00258255787192436 0.000600727193281024
  0.0491495474398667 0.000581373990699404   0.0032159843202558   0.0003040420467747  0.00260507873833813 0.000564409822194655
  0.0491495474398667 0.000581450756312553   0.0026283601402624   0.0001517784269339  0.00260510223361942 0.000564410064832814
  0.0498867906514647 0.000590094600559915   0.0028071470883222   0.0002849046851256  0.00290762699568554 0.000530334737356505
  0.0498867906514647 0.000590172517657234   0.0029387817607087   0.0001648239461952  0.00290763958106715 0.000530334964667364
  0.0506350925112366 0.000599025105422128    0.003300679528277   0.0001801067807987  0.00336433717192416 0.000498359493415155
  0.0513946188989052 0.000608010482003447   0.0039023947664277   0.0002055208862969  0.00382633286989852 0.000468350453361357
  0.0521655381823887 0.000617130639233489   0.0041919808047755   0.0002170276105273  0.00415383780318895 0.000440183444663453
  0.0529480212551246    0.000626387598822   0.0044348563837781   0.0002258122801856  0.00424592853712049 0.000413742252257453
  0.0537422415739514  0.00063578341280434   0.0038645921895328   0.0001962302493774  0.00406148535091866 0.000388918278457754
  0.0545483751975607 0.000645320163996383    0.003713892059348   0.0001895699076013  0.00362648944461283 0.000365610017566267
  0.0553666008255241  0.00065499996645634   0.0030823104554682   0.0001613851661743  0.00302574788912235 0.000343722569130298
   0.056197099837907 0.000664824965953192   0.0025044011351655   0.0001361049225969  0.00238059336583776 0.000323167186781067
  0.0570400563354756 0.000674797340442468   0.0018385865579991    0.000105647483698  0.00181760034586567 0.000303860859849715
  0.0578956571805077 0.000684919300549106   0.0014158908896617    8.58904827845e-05  0.00143604200418171 0.000285725925197487
  0.0587640920382153 0.000695193090057362   0.0012872640235435    8.00312175832e-05   0.0012827429968545 0.000268689706914321
  0.0596455534187885 0.000705620986408213   0.0014037756157628    8.31407700488e-05  0.00134148487876717 0.000252684181737582
  0.0605402367200703  0.00071620530120434   0.0015413477645413    8.92762737662e-05  0.00154025005777924 0.000237645668221943
  0.0614483402708714 0.000726948380722383   0.0017552879650135    9.92348174097e-05   0.0017743564436091 0.000223514537854601
  0.0623700653749344 0.000737852606433234   0.0018359964426201   0.0001018347964886   0.0019386195732749 0.000210234946458366
  0.0633056163555585 0.000748920395529745   0.0019798287054814   0.0001073885118693  0.00195876131145897 0.000197754584360323
  0.0642552006008918 0.000760154201462681   0.0017951113995485   0.0001004885351345  0.00181237841386086 0.000186024443927051
  0.0652190286099052 0.000771556514484638   0.0015053014482438    9.04965874866e-05   0.0015329318517776 0.000174998603179652
  0.0661973140390538 0.000783129862201915   0.0010830471590171     6.9657339625e-05  0.00119555520013371 0.000164634024304609
  0.0671902737496396 0.000794876810134936    0.000923085955986    6.16895103513e-05 0.000889473532161961 0.000154890365970105
  0.0681981278558842 0.000806799962286936   0.0006663932990288    5.01739188381e-05 0.000686560539030764 0.000145729808443254
  0.0692210997737224 0.000818901961721234   0.0006642987500317    4.87156725097e-05 0.000617216585052583  0.00013711689058211
  0.0702594162703283 0.000831185491147064   0.0006059100792547    4.57232902725e-05 0.000662318792671614 0.000129018357848118
  0.0713133075143832 0.000843653273514255   0.0007130691734993    4.97259921079e-05 0.000764005479386143  0.00012140302055052
  0.0723830071270989 0.000856308072616979   0.0008138707448849    5.38511802224e-05 0.000850697904477156 0.000114241621594539
  0.0734687522340054 0.000869152693706255   0.0008140098517362    5.48136034311e-05 0.000866069392034924 0.000107506713060577
  0.0745707835175154  0.00088218998411183   0.0008311227249877     5.3718714984e-05 0.000790141552077456  0.00010117254099245
  0.0756893452702782 0.000895422833873532   0.0006412190978314    4.58076063392e-05 0.000644095424957002 9.52149378194258e-05
  0.0768246854493324 0.000908854176381617   0.0004841495068615    3.89326946087e-05 0.000477412768406753 8.96112218797468e-05
  0.0779770557310723 0.000922486989027362   0.0003344589305632    3.10810608163e-05 0.000343681674592212 8.43401035528143e-05
  0.0791467115670384 0.000936324293862766   0.0003224700715699     3.0034485369e-05 0.000276387232675964 7.93815975435663e-05
   0.080333912240544 0.000950369158270681   0.0002923573485957    2.82536590792e-05 0.000275803853870175 7.47169408960563e-05
  0.0815389209241521 0.000964624695644766   0.0003427693585102     3.0616109435e-05 0.000312557702549362 7.03285163440786e-05
  0.0827620047380144 0.000979094066079404   0.0004408777883462    3.64405622296e-05 0.000345111773971585 6.61997806351328e-05
  0.0840034348090846 0.000993780477070596   0.0003247103952054    3.15498509769e-05 0.000341564477208194 6.23151974902543e-05
  0.0852634863312209  0.00100868718422668    0.000352099684819    3.16746512988e-05 0.000294379676726239 5.86601748864408e-05
  0.0865424386261892  0.00102381749199009   0.0002372327983881    2.51937005404e-05 0.000220947371116318 5.52210063707745e-05
   0.087840575205582  0.00103917475436991   0.0001687720754197    2.08109279513e-05 0.000150864863668726 5.19848161359925e-05
  0.0891581838336657  0.00105476237568549    8.38957191119e-05    1.73581967619e-05 0.000108072038014472 4.89395076063507e-05
  0.0891581838336657  0.00105447531548213    9.97777428133e-05     6.0187980916e-06 0.000108065986791241 4.89394671105312e-05
  0.0904955565911707  0.00107029244521434    9.75527779857e-05     5.9015755177e-06 9.83423945599296e-05 4.60736772081072e-05
  0.0904955565911707  0.00107058381132077   0.0001044366555906    2.00291830352e-05 9.83460411918188e-05 4.60737153002862e-05
  0.0918529899400382  0.00108664256849055    9.39634520261e-05     1.7171004876e-05 0.000108809976939333 4.33767597527242e-05
  0.0918529899400382  0.00108634683189255   0.0001024718928138     6.1233210487e-06 0.000108810172690374 4.33767239197576e-05
  0.0932307847891388  0.00110294220701791   0.0001140263376528    1.84045630532e-05 0.000118453296775427 4.08386052949958e-05
  0.0932307847891388  0.00110264203437094    0.000121015831884      7.042250464e-06 0.000118456241747054 4.08385715856453e-05
  0.0946292465609759  0.00111948634012319   0.0001171989428244    2.01153953143e-05 0.000112038609900389 3.84498205043409e-05
  0.0946292465609759  0.00111918166488651   0.0001145049152041     6.6275761118e-06 0.000112041726731278 3.84497887912888e-05
  0.0960486852593905  0.00113627863522502     6.9473192017e-05    1.60969617898e-05 8.83600028267327e-05 3.62015411479462e-05
  0.0960486852593905  0.00113596938985979    9.28068240328e-05     5.4509398553e-06 8.83610910907268e-05 3.62015113116354e-05
  0.0974894155382814   0.0011533228147534    4.80120445944e-05    1.90721979459e-05  5.8327701401997e-05 3.40854354584955e-05
  0.0974894155382814   0.0011530089307077    5.92253235094e-05     3.6745066505e-06 5.83263075149209e-05 3.40854073866456e-05
  0.0989517567713556  0.00117062265697472    4.97292351631e-05    1.20974516419e-05 3.55042547338044e-05 3.20936715893648e-05
  0.0989517567713556   0.0011703040646683    3.52653219849e-05     2.4551136185e-06 3.55016807026284e-05 3.20936451765188e-05
   0.100436033122926  0.00118785862563834    2.47239724744e-05     1.9151525134e-06 2.64990614647485e-05 3.02188622550382e-05
    0.10194257361977  0.00120567650502294    2.83017247633e-05     2.0456718042e-06 2.78573309212849e-05 2.84541370091124e-05
   0.103471712224066  0.00122376165259826     3.1523725324e-05     2.1918369149e-06 3.05938933350246e-05  2.6792961821506e-05
   0.105023787907427  0.00124211807738723    3.10058162106e-05     2.1947720207e-06 2.78626618773542e-05 2.52292179220321e-05
   0.106599144726039  0.00126074984854804    1.97272344477e-05     1.5390152192e-06 1.94622661996367e-05 2.37571518001689e-05
   0.108198131896929  0.00127966109627626    1.21641283523e-05     1.2847436352e-06 1.02855735489084e-05 2.23713530792123e-05
   0.109821103875383  0.00129885601272043      3.596362546e-06      9.502421085e-07 5.06454047605783e-06 2.10667337587249e-05
   0.111468420433514  0.00131833885291123     3.5494328766e-06      9.392211279e-07 4.43693280829208e-06 1.98385087382209e-05
   0.113140446740017  0.00133811393570489     4.0489466062e-06      9.329967816e-07 5.42823013632182e-06 1.86821775407823e-05
   0.114837553441117  0.00135818564474047      5.019657933e-06     1.0032693362e-06 5.04785255313958e-06 1.75935071606514e-05
   0.116560116742734  0.00137855842941157     5.1693954909e-06      9.695677882e-07 3.06237075372366e-06 1.65685159638302e-05
   0.118308518493875  0.00139923680585272     2.8074538424e-06      8.731792972e-07 1.42630829281663e-06 1.56034585753621e-05
   0.120083146271283  0.00142022535794051     3.2345740107e-06      7.995181489e-07 1.56444790435927e-06 1.46948116912877e-05
   0.121884393465352  0.00144152873830962     1.2621049637e-06      8.043597261e-07 2.76398435563532e-06 1.38392607573054e-05
   0.123712659367332   0.0014631516693843     2.9675913549e-06      8.233861807e-07 3.31634397631897e-06 1.30336874599151e-05
   0.125568349257842  0.00148509894442506     2.2121339182e-06      9.126540977e-07 2.74921368500201e-06 1.22751579793322e-05
    0.12745187449671   0.0015073754285914     5.0736782088e-06      9.659157209e-07  2.3263976218893e-06 1.15609119567216e-05
    0.12936365261416   0.0015299860600203     4.1679330059e-06     1.0678803919e-06 3.26721654825485e-06 1.08883521313508e-05
   0.131304107403373   0.0015529358509206     3.9113017032e-06      9.694913475e-07 5.04417072694414e-06 1.02550346061014e-05
   0.133273669014423  0.00157622988868438      5.011345227e-06      9.647701239e-07 6.01262470671667e-06 9.65865970243804e-06
    0.13527277404964  0.00159987333701468     4.0711003311e-06       9.98105825e-07 5.56636855005442e-06 9.09706336840846e-06
   0.137301865660384  0.00162387143706987     6.5704365159e-06     1.0587248252e-06 4.93156383971132e-06 8.56820910556185e-06
    0.13936139364529  0.00164822950862596     7.9243845059e-06     1.0651258908e-06 5.48006942878267e-06 8.07018038283668e-06
   0.141451814549969  0.00167295295125532     4.9610407391e-06      9.680066274e-07 6.84453907851024e-06 7.60117350748908e-06
   0.143573591768219  0.00169804724552417     6.7506898687e-06      9.905306359e-07 7.46391810555334e-06 7.15949092501838e-06
   0.145727195644742  0.00172351795420702     8.0595721072e-06     1.0403534294e-06 6.79326908424729e-06 6.74353492181284e-06
   0.147913103579413  0.00174937072352013     7.9982514596e-06      9.998717963e-07 6.00268398725378e-06 6.35180170588666e-06
   0.150131800133105  0.00177561128437294     6.6360775205e-06      9.878093125e-07 6.18508547814199e-06  5.9828758426225e-06
   0.152383777135101  0.00180224545363851     7.0380321585e-06       9.74461653e-07 6.79287556859654e-06 5.63542502387776e-06
   0.154669533792128  0.00182927913544311     3.7696128458e-06     1.0217148919e-06 6.62369478936591e-06 5.30819515016028e-06
   0.156989576799009  0.00185671832247472     5.8833606015e-06      9.513787903e-07  5.7025865043239e-06 5.00000570684402e-06
   0.159344420450995  0.00188456909731187     7.4698629381e-06      9.171041554e-07 5.09430329606903e-06 4.70974541657679e-06
    0.16173458675776  0.00191283763377153     5.3214692484e-06      9.704011304e-07 5.12574793098181e-06 4.43636815113806e-06
   0.164160605559126  0.00194153019827813     4.5477610452e-06      9.577500157e-07  5.0111250297364e-06 4.17888908704104e-06
   0.166623014642513   0.0019706531512523     2.9829280273e-06      9.440057097e-07 4.31828582032652e-06 3.93638109014329e-06
    0.16912235986215  0.00200021294852106     3.7433006064e-06      9.124886337e-07 3.61955240858561e-06 3.70797131543839e-06
   0.171659195260083  0.00203021614274889     3.0421616512e-06      9.049262268e-07 3.35927936259631e-06 3.49283800905208e-06
   0.174234083188984  0.00206066938489013     2.9888011382e-06      8.887781761e-07 3.15159734544815e-06   3.290207500263e-06
   0.176847594436819  0.00209157942566349     2.2698218483e-06       8.69672893e-07 2.64518764423293e-06 3.09935137211623e-06
   0.179500308353371  0.00212295311704843     2.5111664425e-06      8.707612415e-07 2.13604241774311e-06 2.91958379989677e-06
   0.182192812978671  0.00215479741380413      7.712687221e-07      8.761864599e-07 1.88590951477405e-06 2.75025904738628e-06
   0.184925705173351  0.00218711937501119      9.777957929e-07      8.677950106e-07 1.66875489875434e-06 2.59076911144171e-06
   0.187699590750952  0.00221992616563638     1.9806929036e-06      9.148263757e-07 1.32838320079572e-06 2.44054150601118e-06
   0.190515084612216  0.00225322505812094     1.6194698499e-06      8.114660246e-07 1.05126833385543e-06 2.30056623300092e-06
   0.193372810881399  0.00228702343399272      3.495441249e-07      8.856577205e-07 9.27671049587066e-07 2.18541720044026e-06
    0.19627340304462  0.00232132878550264     1.0580908603e-06      8.988841968e-07 8.69248998746465e-07 2.11739908766774e-06
