# intensity: 0.941598948665369
# background: 0
#           Q (1/A)             dQ (1/A)                    R                   dR               theory              fresnel
  0.0079921268598835 9.44599332322128e-05    0.862878182401767   0.0785240895048071    0.941598948665368    0.941598948665369
  0.0081120087627818 9.58768322306809e-05      1.0384989490106   0.0797217413172535    0.941598948665368    0.941598948665369
  0.0082336888942235 9.73149847141702e-05    0.989879125155644   0.0734252726316419    0.941598948665368    0.941598948665369
  0.0083571942276368 9.87747094848511e-05     1.04487411769946   0.0721469561952423    0.941598948665368    0.941598948665369
  0.0084825521410514 0.000100256330127149     1.04645559687264   0.0693395820094279    0.941598948665369    0.941598948665369
  0.0086097904231672 0.000101760175079064    0.998020841006497   0.0637859447616949    0.941598948665369    0.941598948665369
  0.0087389372795147 0.000103286577705234     1.02811971307847   0.0615724614377754    0.941598948665369    0.941598948665369
  0.0088700213387074 0.000104835876370809     1.00622126218022   0.0580131154753927    0.941598948665369    0.941598948665369
   0.009003071658788 0.000106408414516383     1.03589381274653    0.056274715251067    0.941598948665369    0.941598948665369
  0.0091381177336698 0.000108004540734128     1.10344424880232   0.0550455454732578    0.941598948665369    0.941598948665369
  0.0092751894996749 0.000109624608845149    0.982445412466144   0.0496916780080672    0.941598948665368    0.941598948665369
    0.00941431734217 0.000111268977977787    0.977833859709012   0.0476626027295013    0.941598948665368    0.941598948665369
  0.0095555321023025 0.000112999106216766     1.00047414733406   0.0509296955080624    0.941598948665369    0.941598948665369
  0.0096988650838371 0.000114694092810043     1.08197738872971   0.0904894584596578    0.941598948665368    0.941598948665369
  0.0098443480600946  0.00011641450420217     1.02995140134624   0.0843201793253128    0.941598948665368    0.941598948665369
   0.009992013280996 0.000118160721765234     1.05792394064038   0.0808601707734736    0.941598948665369    0.941598948665369
   0.010141893480211 0.000119933132591702    0.961416667057992   0.0751303729854536    0.941598948665369    0.941598948665369
  0.0102940218824141 0.000121732129580553    0.965153888411385   0.0721043283581759    0.941598948665368    0.941598948665369
  0.0104484322106503 0.000123558111524298    0.923631769866567   0.0681498446624901    0.941598948665368    0.941598948665369
  0.0106051586938101 0.000125411483197149    0.994762813250967    0.067438255385121    0.941598948665368    0.941598948665369
  0.0107642360742173 0.000127292655445106     0.89009778264108   0.0590595894440355    0.941598948665368    0.941598948665369
  0.0109256996153305 0.000129202045276766    0.835385437549831   0.0550168403428266    0.941598948665369    0.941598948665368
  0.0110895851095605 0.000131140075955915    0.744903051076498   0.0511232379605251     0.94159894866537    0.941598948665369
  0.0112559288862039 0.000133107177095277    0.807507212361172   0.0519091680671799     0.94159894866537    0.941598948665369
  0.0114247678194969 0.000135103784751702    0.924069575076233   0.0522378934447559    0.941598948665368    0.941598948665369
  0.0115961393367894 0.000137130341522979    0.901937598412705   0.0480671613631371    0.941598948665368    0.941598948665369
  0.0117700814268412  0.00013922495336183    0.921525580920753    0.064108062466822    0.941598948665368    0.941598948665369
  0.0119466326482438 0.000141275106095489    0.997204180056324   0.0676577784191698    0.941598948665369    0.941598948665369
  0.0121258321379675 0.000143433027577191     1.08621514439756    0.124771894993804    0.941598948665369    0.941598948665369
   0.012307719620037 0.000145584522990851    0.942817698403465    0.105426838316264    0.941598948665368    0.941598948665369
  0.0124923354143376 0.000147768290835702     1.06683063136228    0.114099014752318    0.941598948665368    0.941598948665369
  0.0126797204455526 0.000149984815198255      0.9735931620195    0.103126285797183    0.941598948665369    0.941598948665369
  0.0128699162522359 0.000152234587426213    0.925711844076929   0.0955944964069382    0.941598948665369    0.941598948665369
  0.0130629649960195 0.000154518106237617    0.905587601921267   0.0919735275352998    0.941598948665369    0.941598948665369
  0.0132589094709597 0.000156835877831191     1.09534260950521    0.102624291103119    0.941598948665369    0.941598948665369
  0.0134577931130241 0.000159188415998638    0.858821095573154   0.0857919644092522    0.941598948665368    0.941598948665369
  0.0136596600097195 0.000161576242238638    0.932798206138586   0.0866136360607405    0.941570110606252    0.941098871004835
  0.0138645549098653 0.000163999885872213    0.996824280913121   0.0898853503825877    0.940717421950839    0.926524221718664
  0.0140725232335133 0.000166459884160298    0.901446011226687   0.0822681823897296    0.934395824047546    0.823302918016411
   0.014283611082016 0.000168956782422681    0.955775650922257   0.0828302686701456    0.918758508127152    0.602827015405265
  0.0144978652482462 0.000171491134159021    0.934981016134774    0.079812930631453    0.899426597397796    0.417027592959339
  0.0147153332269699 0.000174063501171404    0.875439171573167   0.0740893868804714    0.879158073033263    0.315004949967844
  0.0149360632253744 0.000176674453688979    0.791553803936385      0.0681612037753    0.855968233329751    0.254261821983969
  0.0151601041737551  0.00017932457049434    0.766894156469576   0.0638887952018183    0.827724533242059    0.212080724149283
  0.0153875057363614 0.000182014439051745    0.761869243023557   0.0434578094581248    0.792473884363755    0.180411448937803
  0.0156183183224068 0.000184744655637532    0.748608790277304   0.0415315390167986    0.748188807550036    0.155591992751239
  0.0158525930972429 0.000187515825472085    0.656254347691543     0.03701160924308      0.6928680485581     0.13558114089633
  0.0160903819937015 0.000190071446484553    0.567068245120527   0.0446518500957676    0.624972857124409    0.119108680882621
  0.0163317377236071  0.00019292251818183    0.488893470742014   0.0393742300571156    0.544153215636874    0.105337401067811
  0.0165767137894612 0.000195816355954553    0.392946472035441    0.032948467449496    0.452300909500186   0.0936759609604981
  0.0168253644963031 0.000198753601293872    0.351684970801194   0.0292369205072231    0.354282972791096   0.0836986567813454
  0.0170777449637476 0.000201734905313277    0.248978934429967   0.0239315166374864    0.257778656447276   0.0750882682051266
  0.0173339111382038 0.000204760928892979    0.177427956451316   0.0185069074607235    0.171652170106487   0.0676027936964579
  0.0175939198052769  0.00020783234282634    0.117162976597197   0.0132739064112129    0.103300930140624   0.0610539772488456
   0.017857828602356 0.000210949827968766   0.0688520642114864   0.0108085775747492   0.0563796816074575   0.0552929371853271
  0.0181256960313914 0.000214114075388298   0.0533251050563589   0.0079910936447468   0.0301985102302298   0.0502002543992857
  0.0183975814718623 0.000217325786519106   0.0261293178562934   0.0059247393433671   0.0208785514263746   0.0456789596942477
  0.0186735451939402 0.000220585673316894    0.021439697183064   0.0058012942327826   0.0232552678939168    0.041649462271644
  0.0189536483718493 0.000223894458416638   0.0313793493304676   0.0055187300770232   0.0324531626341719   0.0380458114032747
   0.019237953097427 0.000227252875292894   0.0368417202998424    0.005831681828975   0.0446879613837567   0.0348128942399409
  0.0195265223938884 0.000230661668422298   0.0649044505970355   0.0078955688124605   0.0574172854999309   0.0319043038919486
  0.0198194202297968 0.000234121593448638   0.0599921625656838   0.0076474907254962   0.0691474241390409   0.0292806957952599
  0.0201167115332437  0.00023763341735034   0.0683392979396138   0.0082751294598373   0.0791395914946614   0.0269085053308462
  0.0204184622062424 0.000241197918610596   0.0838352074295492   0.0090189159436824   0.0871392440426414   0.0247589364576779
   0.020724739139336 0.000244815887389787   0.0926526945974885   0.0088534063293955   0.0931679294077895   0.0228071562368798
   0.021035610226426 0.000248488125700596     0.10174082043218   0.0091637030383469   0.0973777428013204   0.0210316475741022
  0.0213511443798224 0.000252215447586128   0.0970005730455123   0.0087422126783655   0.0999564669610879   0.0194136848241035
  0.0216714115455197 0.000255998679299915    0.111629448846222   0.0093634771578987     0.10107112922599   0.0179369057223146
  0.0219964827187025 0.000259838659489404   0.0949330714472459   0.0083152892390926    0.100840439942898   0.0165869595095074
  0.0223264299594831 0.000263736239381745    0.109732931362583     0.00897649365275   0.0993290041424415   0.0153512158181671
  0.0226613264088753 0.000267692282972468   0.0931788970174781   0.0045367451985486   0.0965575962469751   0.0142185223826548
  0.0230012463050085 0.000271707667217064   0.0971614654693816   0.0046517251294237   0.0925244394614187   0.0131790022577363
  0.0233462649995836 0.000275783282225319   0.0805609754971723   0.0039554456186018    0.087232788376987   0.0122238832177853
  0.0236964589745773 0.000279920031458723   0.0785297115774655   0.0039332571907815   0.0807204420917571   0.0113453535291737
   0.024051905859196 0.000284118831930596   0.0665022993504108   0.0033534623303134   0.0730871483296775     0.01053643946083
  0.0244126844470839 0.000288692612126553   0.0599929681973099   0.0028783384222022   0.0645157744131044  0.00979094940230968
  0.0247788747137902 0.000293023001308468   0.0538081663639104   0.0026259791110514   0.0552859146743265  0.00910318588537315
   0.025150557834497 0.000297418346328085    0.042172439642401   0.0021216759101831    0.045770196822019  0.00846817303928154
  0.0255278162020145 0.000301879621523021   0.0381783541653571   0.0019641978558279   0.0364197581318352  0.00788138260431636
  0.0259107334450447  0.00030640781584583   0.0286732729848335   0.0015606928046004   0.0277305084983358  0.00733872967012686
  0.0262993944467204 0.000311003933083532   0.0217305128982042   0.0012374968170348    0.020195063764292   0.0068365227858134
  0.0266938853634212 0.000315668992079787    0.014081872660563   0.0009303986399315   0.0142453564021533  0.00637142049881673
  0.0270942936438725 0.000320404026960979   0.0099070809737912   0.0007246967566525   0.0101951052354384  0.00594039338410256
  0.0275007080485306 0.000325210087365404    0.008257145534695   0.0006217984358822  0.00819332615457801  0.00554069077835222
  0.0279132186692585 0.000330088238675872   0.0092746123017373   0.0006727159029721  0.00819910620121226   0.0051698115594568
  0.0283319169492974    0.000335039562256   0.0098167175008427   0.0007012218919994   0.0099836678220987  0.00482547841501598
  0.0287568957035369 0.000340065155689872   0.0125061121666044   0.0008020589595751   0.0131595017776908  0.00450561512904543
  0.0291882491390899 0.000345166133025191   0.0179916437977339   0.0010199920844842    0.017230250938202  0.00420832648707935
  0.0296260728761763 0.000350343625020596   0.0214794561305159   0.0011441118547982   0.0216512065517677  0.00393188045902037
  0.0300704639693189 0.000355598779395915   0.0269526896112798   0.0013420622848857   0.0258897246796406  0.00367469236858259
  0.0305215209288587 0.000360932761086851   0.0270838840552854   0.0013325347362643   0.0294771160138487  0.00343531079972246
  0.0309793437427915 0.000366346752503149   0.0318830764602848    0.001514432743188   0.0320471793789736  0.00321240502545852
  0.0314440338989334 0.000371841953790681   0.0338022227837512   0.0015691748313515   0.0333600094826476   0.0030047537740591
  0.0319156944074174 0.000377419583097532   0.0321721247851819   0.0014961712220756   0.0333120404648734  0.00281123517266005
  0.0323944298235287    0.000383080876844    0.031090034145248   0.0014781412338066   0.0319342636956127  0.00263081772969756
  0.0328803462708816 0.000388827089996681   0.0304636104676109   0.0014864056309231   0.0293805223947366  0.00246255223573057
  0.0333735514649448 0.000394659496346596   0.0270511568719238   0.0013343912329483   0.0259073261612272  0.00230556447777839
   0.033874154736919  0.00040057938879183   0.0234117230000808   0.0011933259007385   0.0218463061938745  0.00215904867563657
  0.0343822670579728 0.000406588079623702   0.0177632194773816   0.0009687684613532   0.0175706050119173  0.00202226156009816
  0.0348980010638424 0.000412686900818043    0.013381733096165   0.0008025285949017   0.0134572349376655  0.00189451702288828
     0.0354214710798 0.000418877204330298   0.0097389872148755   0.0006465091918594  0.00984852540268071  0.00177518127665573
   0.035952793145997 0.000425160362395277   0.0065186950710856   0.0004875162221416  0.00701676698812968  0.00166366847075602
  0.0364920850431869 0.000431537767831191   0.0044754430529495   0.0004073310253934   0.0051365450602678  0.00155943671497454
  0.0370394663188347 0.000438010834348681   0.0039783648787648   0.0003754887284833  0.00426868352008105  0.00146198446891632
  0.0375950583136173 0.000444580996863915   0.0051534068608626   0.0004202813566926  0.00435816421315713  0.00137084725965109
  0.0381589841883215 0.000451249711816851   0.0058539768963002   0.0004653518314594  0.00524619859699628  0.00128559469444709
  0.0387313689511463 0.000458018457494128   0.0079826061621771   0.0005527427385312  0.00669439658799948  0.00120582773914204
  0.0393123394854135 0.000464888734356511      0.0085697811281   0.0005591652856366  0.00841728752150278  0.00113117623595672
  0.0399020245776947 0.000471862065371872    0.012366647547537   0.0007215992042441   0.0101186412836714  0.00106129663741567
  0.0405005549463601 0.000478939996352468    0.010990864245186   0.0006541161904581   0.0115271096292807 0.000995869935556659
  0.0411080632705555 0.000486124096297745   0.0118109767341546   0.0006966860401585   0.0124273747840247 0.000934599767827795
  0.0417246842196139 0.000493415957742213   0.0122235712774774   0.0007147673106357   0.0126838698595385 0.000877210683029367
  0.0423505544829081  0.00050081719710834   0.0126851229577411   0.0007210745438099   0.0122549292744612 0.000823446552388365
  0.0429858128001517 0.000508329455064979   0.0113334948196706   0.0006572909428386   0.0111958579193848 0.000773069112387066
   0.043630599992154 0.000515954396890936   0.0092649941866778   0.0005910358796245  0.00965002888113621 0.000725856627327095
  0.0442850589920363 0.000523693712844298   0.0068426127454401   0.0005002602815267  0.00782802706183894  0.00068160266081836
  0.0449493348769168 0.000531549118536979   0.0057925313579378   0.0002739688598575  0.00597630844644987 0.000640114946457048
  0.0456235749000706 0.000540144963123064     0.00440334248133   0.0002253966966431  0.00433916917135061 0.000601216633791647
  0.0463079285235716 0.000547615190644723   0.0026843866276543   0.0001603775682793   0.0031173722481773  0.00056473390751199
  0.0470025474514252 0.000555829418504425   0.0021937839118272   0.0001455624255191   0.0024373356442124 0.000530517955122404
  0.0477075856631966    0.000564166859782   0.0024861807683247   0.0001674673308126  0.00232665698604432   0.0004984213059163
  0.0484231994481445 0.000573290175912511   0.0026647906262602   0.0001726212134529  0.00271264440144427 0.000468310263314688
  0.0491495474398667 0.000581218803118894   0.0034367754741404   0.0001972670091669  0.00343676833146396 0.000440053142242945
  0.0498867906514647  0.00058993708516566    0.004601920448245   0.0002405089007956  0.00428948756479384 0.000413537202610061
  0.0506350925112366 0.000599477139551659   0.0051546639786019   0.0002673709600618  0.00504978654711018 0.000388651932656685
  0.0513946188989052 0.000608469296644936   0.0057920618879275   0.0002940469671087   0.0055305550299623 0.000365291414893806
  0.0521655381823887 0.000617596336094596    0.005973152520053    0.000299841324462  0.00561335511028364 0.000343361016954451
  0.0529480212551246    0.000626860281136   0.0057616062417232   0.0002884536239888  0.00527041827573774 0.000322770856564808
  0.0537422415739514 0.000636263185353064   0.0047130086456164   0.0002370917880562  0.00456733579992101 0.000303436911297789
  0.0545483751975607 0.000645807133133362   0.0037596064690353   0.0001947185095917   0.0036461378105782 0.000285280617312154
  0.0553666008255241  0.00065549424013034   0.0028236966748924   0.0001538767615679   0.0026915862512069 0.000268228497338303
   0.056197099837907 0.000665326653732298   0.0021164518612622   0.0001215122578966  0.00188746954132874 0.000252211815614542
  0.0570400563354756 0.000675306553538298   0.0014277259405532    8.95615466626e-05  0.00137279252831884 0.000237166257673503
  0.0578956571805077 0.000685436151841362    0.001095917989579    7.32777062524e-05  0.00120885937932719 0.000223031633055859
  0.0587640920382153 0.000695717694118979   0.0013537017929151    8.75661777376e-05  0.00136631934248292 0.000209751599189774
  0.0596455534187885 0.000706153459530766   0.0017584205787202   0.0001013187000705  0.00173623884824517 0.000197273404821001
  0.0605402367200703 0.000716745761423745   0.0021240888958279   0.0001174274735965  0.00216249557074189 0.000185547651511844
  0.0614483402708714 0.000727496947845106   0.0027061604262771   0.0001432796504017  0.00248649739003369 0.000174528071848546
  0.0623700653749344 0.000738409402062766   0.0027627618347704   0.0001441784214687  0.00259153245962932 0.000164171323107182
  0.0633056163555585 0.000749485543093702   0.0024815454225877   0.0001317553535047  0.00243406749676987 0.000154436795228963
  0.0642552006008918 0.000760727826240128    0.002055098306048   0.0001150478943142  0.00205292594844651 0.000145286432047873
  0.0652190286099052 0.000772138743633702   0.0015214736965052    9.46728686576e-05  0.00155352816423549  0.00013668456479753
  0.0661973140390538 0.000783720824788213   0.0010466213962524    7.03900998002e-05  0.00107178702594247 0.000128597757001008
  0.0671902737496396 0.000795476637160043   0.0008092664805275    5.82791711926e-05 0.000728910638342771 0.000120994659917563
  0.0681981278558842 0.000807408786717447   0.0006548445685103    5.23481660657e-05 0.000592022633166097 0.000113845877784509
  0.0692210997737224 0.000819519918518213   0.0007038667165914    5.34389271125e-05 0.000654269885438117 0.000107123842151374
  0.0702594162703283 0.000831812717295957   0.0008048329952403    5.88272851307e-05 0.000841585617153283 0.000100802694657452
  0.0713133075143832 0.000844289908055404   0.0010555610955735    6.71531439007e-05  0.00104350352637615 9.48581776533756e-05
  0.0723830071270989 0.000856954256676255   0.0012509030190198    7.58212855522e-05  0.00115619585224116 8.92675321127558e-05
  0.0734687522340054 0.000869808570526383   0.0011012336652467    6.98171992259e-05   0.0011211088796791 8.40094023216942e-05
  0.0745707835175154 0.000882855699084298   0.0009682808951123    6.20592649913e-05 0.000944269142989349  7.9063746872314e-05
  0.0756893452702782 0.000896098534570553   0.0006567708682082    4.78089161095e-05 0.000688997342571316 7.44117555217155e-05
  0.0768246854493324 0.000909540012589106   0.0004599605270483    3.94586847734e-05 0.000445567701520122 7.00357715102301e-05
  0.0779770557310723 0.000923183112777957    0.000299309922637    3.26566039561e-05 0.000291086035122121 6.59192189626988e-05
  0.0791467115670384 0.000937030859469617   0.0002541121945302    2.90236179876e-05 0.000257264210882105   6.204653502404e-05
   0.080333912240544  0.00095108632236166   0.0002831730441028    2.97624446039e-05 0.000320322051371785 5.84031064057278e-05
  0.0815389209241521 0.000965352617197064   0.0004181646633366    3.81919907416e-05 0.000416920263091249 5.49752100431933e-05
  0.0827620047380144 0.000979832906455021   0.0004570067586414    4.09548444028e-05 0.000477524277606554 5.17499575857446e-05
  0.0840034348090846 0.000994530400051872   0.0004903253109366    4.06460507252e-05 0.000460226190317263 4.87152434605327e-05
  0.0852634863312209  0.00100944835605264   0.0003737087967949    3.37693861599e-05  0.00036825595542288 4.58596962704841e-05
  0.0865424386261892  0.00102459008139345    0.000298168248896    3.17129302389e-05  0.00024323442271078 4.31726333031363e-05
   0.087840575205582  0.00103995893261434   0.0001080466133948    1.94812582646e-05 0.000139154508705389 4.06440179430317e-05
  0.0891581838336657  0.00105555831660353    8.55992414087e-05    1.11333801664e-05 9.22458123077081e-05 3.82644197948773e-05
  0.0904955565911707    0.001070518701886   0.0001092895679104    1.11712168835e-05 0.000103537504361884 3.60248881368931e-05
  0.0918529899400382  0.00108746256672289   0.0001388288828547    1.17481459537e-05 0.000143055654791042 3.39173629461273e-05
  0.0932307847891388  0.00110377450522374   0.0001703623126451    1.20110019875e-05 0.000171117732343448 3.19337501144629e-05
  0.0946292465609759  0.00112033112280209   0.0001557817726601    1.18686693573e-05 0.000162940725190702 3.00667827539232e-05
  0.0960486852593905  0.00113713608964413   0.0001078386207041     9.9581860063e-06 0.000120918194544143 2.83095464133237e-05
  0.0974894155382814  0.00115419313098877     8.3962305905e-05     8.6591082006e-06 6.85639167126338e-05 2.66555413066935e-05
  0.0989517567713556  0.00117150602795362    2.96255532667e-05     5.9301931095e-06 3.20649089642124e-05 2.50986570278402e-05
   0.100436033122926  0.00118810973545438    2.07071963378e-05     1.8942328322e-06 2.30286833836699e-05 2.36330906187806e-05
    0.10194257361977  0.00120593138148617    3.22555110767e-05     2.3991059102e-06 3.38018776871716e-05 2.22535606705239e-05
   0.103471712224066  0.00122402035220847    4.72955784583e-05     3.0484375086e-06 4.64681885976774e-05 2.09549266227277e-05
   0.105023787907427  0.00124238065749162    5.04728087793e-05      3.224855868e-06 4.72232810920403e-05 1.97324128274966e-05
   0.106599144726039    0.001261016367354    3.54259340078e-05      2.395504656e-06 3.47607186138185e-05 1.85815283290051e-05
   0.108198131896929   0.0012799316128643     1.9915671244e-05     1.7411723071e-06 1.78443816644988e-05 1.74980496520282e-05
   0.109821103875383  0.00129913058705728     7.9202066188e-06     1.1776636047e-06 6.21835468746877e-06 1.64780046518964e-05
   0.111468420433514  0.00131861754586311     2.3375077002e-06     1.1407540145e-06 3.33073951163582e-06 1.55176573586023e-05
   0.113140446740017  0.00133839680905106     4.8052388401e-06     1.1563854047e-06 5.97883875031772e-06  1.4613493752202e-05
   0.114837553441117  0.00135847276118681    1.01553721186e-05     1.3065916431e-06 9.04160002754374e-06  1.3762208410778e-05
   0.116560116742734  0.00137884985260464    1.10025714889e-05      1.291876227e-06 9.74633079226456e-06 1.29606919760607e-05
   0.118308518493875   0.0013995326003937     7.0493266625e-06     1.1489087591e-06 8.18789992505184e-06 1.22060193853853e-05
   0.120083146271283  0.00142052558939962     6.2705255702e-06     1.0798711204e-06 5.50637558663722e-06 1.14954388219865e-05
   0.121884393465352   0.0014418334732406     3.4128815582e-06      1.053557435e-06 2.79031255124315e-06 1.08263613387411e-05
   0.123712659367332  0.00146346097533919     2.4382533677e-06     1.0213843958e-06 1.32770218817471e-06  1.0196351113365e-05
   0.125568349257842  0.00148541288996928     1.9861514401e-06      1.043883523e-06 2.34908322146902e-06 9.60311629576936e-06
    0.12745187449671  0.00150769408331885     3.9652433275e-06     1.1154715665e-06  5.5138413903092e-06 9.04450041080438e-06
    0.12936365261416   0.0015303094945686     6.5760857136e-06     1.3360769331e-06 8.26873897577915e-06 8.51847428196802e-06
   0.131304107403373  0.00155326413698715     6.3902041643e-06     1.1203980276e-06 8.04885295295682e-06 8.02312844385488e-06
   0.133273669014423  0.00157656309904196     6.2899806608e-06     1.1521007974e-06  5.3985907718312e-06 7.55666601316953e-06
    0.13527277404964  0.00160021154552757     4.8309213466e-06     1.1271181109e-06 3.80804253730007e-06 7.11739599004444e-06
   0.137301865660384  0.00162421471871051     5.8941901275e-06     1.1295244877e-06 5.63348652081169e-06  6.7037269631902e-06
    0.13936139364529  0.00164857793949115      9.513683295e-06      1.304152929e-06  8.9895094743472e-06 6.31416119407846e-06
   0.141451814549969  0.00167330660858353    1.00542284577e-05     1.1994539014e-06 1.00128536615401e-05 5.94728905692055e-06
   0.143573591768219  0.00169840620771226      8.824671037e-06     1.1768616789e-06 7.89030053326024e-06 5.60178381266376e-06
   0.145727195644742  0.00172388230082796      7.134100357e-06     1.1193542927e-06  5.8552405930621e-06   5.276396696594e-06
   0.147913103579413  0.00174974053534038     8.4386264652e-06     1.1382529741e-06 6.63335941679435e-06  4.9699523004108e-06
   0.150131800133105  0.00177598664337047     7.5991481264e-06     1.1962711971e-06 8.74021561918009e-06 4.68134423083452e-06
   0.152383777135101  0.00180262644302102     8.1615847088e-06     1.1797286976e-06 8.91648318605987e-06 4.40953102792436e-06
   0.154669533792128  0.00182966583966634     7.3155502556e-06     1.2412979194e-06 6.93889813283794e-06 4.15353232733042e-06
   0.156989576799009  0.00185711082726136     5.1067677301e-06     1.0735798157e-06 5.58897374089668e-06 3.91242525168329e-06
   0.159344420450995  0.00188496748967026     6.7147109924e-06     1.0914192089e-06 6.18255238511126e-06 3.68534101724065e-06
    0.16173458675776  0.00191324200201532      6.615292651e-06     1.1242152497e-06 6.84617310248641e-06 3.47146174276808e-06
   0.164160605559126  0.00194194063204553     6.7874010216e-06     1.0464132052e-06  5.9017464179243e-06 3.27001744843493e-06
   0.166623014642513  0.00197106974152626     4.3417488236e-06     1.0431519519e-06 4.43471254864167e-06 3.08028323325942e-06
    0.16912235986215  0.00200063578764915     4.0051280172e-06     1.1012792012e-06 4.07692807022532e-06  2.9015766203413e-06
   0.171659195260083  0.00203064532446387      3.806151872e-06     1.0512348059e-06 4.31543633294757e-06 2.73325505978098e-06
   0.174234083188984  0.00206110500433081     3.9621972938e-06     1.1122279184e-06 3.81415150314075e-06 2.57471357980375e-06
   0.176847594436819  0.00209202157939579     3.7934243945e-06      9.837973704e-07 2.81427289177049e-06  2.4253825771872e-06
   0.179500308353371  0.00212340190308672     2.4924272655e-06     1.0302430202e-06 2.35145854531426e-06 2.28472573863357e-06
   0.182192812978671  0.00215525293163302     1.4359405344e-06      9.632483733e-07 2.30904289347277e-06 2.15223808523927e-06
   0.184925705173351  0.00218758172560753     1.7304881478e-06     1.0188756582e-06 1.94770143421093e-06 2.02744413269077e-06
   0.187699590750952  0.00222039545149162      1.280300404e-07     1.0667523263e-06 1.37681861840678e-06 1.91116835747154e-06
   0.190515084612216    0.002253701383264      1.311283245e-06      1.004831603e-06 1.10879748107325e-06 1.81552132774015e-06
   0.193372810881399  0.00228750690401298     2.1641066163e-06     1.0218988926e-06 1.08758598046583e-06 1.75902190706309e-06
