# intensity: 0.920707967617366
# background: 0
#           Q (1/A)             dQ (1/A)                    R                   dR               theory              fresnel
  0.0079921268598835 9.45366008081702e-05      1.0039271135228   0.0846459680122645    0.916341262169859    0.020574696477084
  0.0081120087627818 9.59546498202979e-05    0.980515717847438   0.0771012130104148    0.916221236896019   0.0201027971697196
  0.0082336888942235  9.7393969567617e-05     1.10801606933573   0.0778275441099111    0.916019941147947   0.0193607302950266
  0.0083571942276368 9.88548791111064e-05     1.03986379063288   0.0714598259321922     0.91577202177146   0.0185286109023439
  0.0084825521410514 0.000100337702297787     1.03814929149464   0.0690923367380935    0.915501409369359   0.0177154770222405
  0.0086097904231672 0.000101842767832255    0.922173874835146   0.0610939014031883    0.915209275184035   0.0169328857101078
  0.0087389372795147 0.000103370409349745      1.0518131092738    0.062216033014755    0.914893518313655    0.016180272217576
  0.0088700213387074     0.00010492096549    0.938308905633862    0.055988587942105    0.914551685616482   0.0154567704304075
   0.009003071658788  0.00010649477997234     1.00374764609645   0.0554347713073232    0.914181014888774   0.0147615228854744
  0.0091381177336698 0.000108092201671915     1.01099676768612   0.0525684783217727    0.913778389172022   0.0140936816584412
  0.0092751894996749 0.000109713584697021    0.978379374160048   0.0494226719713916    0.913340283313897    0.013452409196557
    0.00941431734217 0.000111359288467447     1.05346654883629   0.0494481818003195     0.91286270130322   0.0128368790962543
  0.0095555321023025 0.000112999106216766     0.93423723530952   0.0928235081478741    0.912341109097694    0.012246270821849
  0.0095555321023025 0.000113029677794468    0.940033362877714   0.0446163779862076    0.912341102585431   0.0122462768254767
  0.0096988650838371 0.000114694092810043      0.9334995105831   0.0942777161286392    0.911770322515855   0.0116797945994118
  0.0098443480600946  0.00011641450420217    0.771183898296003   0.0807276626173572    0.911144441215925     0.01113665536611
   0.009992013280996 0.000118160721765234     1.00613670939625   0.0807634155992784     0.91045670304596   0.0106160779891892
   0.010141893480211 0.000119933132591702    0.930547512302044   0.0770688030559978    0.909699344890534    0.010117301550164
  0.0102940218824141 0.000121732129580553     1.04185707043657   0.0788618974468369    0.908863429725129  0.00963957979711737
  0.0104484322106503 0.000123558111524298    0.990476524998258   0.0721104136523877    0.907938639620356  0.00918218154557185
  0.0106051586938101 0.000125411483197149    0.908372535695363   0.0688825004419372    0.906913027210233  0.00874439102917358
  0.0107642360742173 0.000127292655445106    0.966600696895038   0.0636587954677905    0.905772716337408  0.00832550820155939
  0.0109256996153305 0.000129202045276766    0.851791843670384   0.0561482721498801    0.904501540323477  0.00792484899090352
  0.0110895851095605 0.000131140075955915     1.07813581386343   0.0622507421614362     0.90308060346129  0.00754174550874642
  0.0112559288862039 0.000133107177095277    0.959430847300904   0.0596606187785516    0.901487747733664  0.00717554621480558
  0.0114247678194969 0.000135103784751702    0.980811339740986   0.0550089569535915    0.899696902236702  0.00682561603954019
  0.0115961393367894 0.000137130341522979     1.02732536617651   0.0543691550288972    0.897677287089754  0.00649133646631786
  0.0117700814268412 0.000139112044291702     1.01214830603706    0.117686147274104     0.89539252439985  0.00617209861663459
  0.0117700814268412  0.00013918729664583    0.928692328531559   0.0494164136878313    0.895392436464372  0.00617210557508113
  0.0119466326482438 0.000141275106095489    0.848107237176478   0.0450017691764179     0.89279899643297  0.00586733804945027
  0.0119466326482438 0.000141198724956085    0.953099065650734     0.11046028668571    0.892799099575386  0.00586733137717326
  0.0121258321379675 0.000143316705830426     1.00527085870175    0.110179045837982    0.889845363672457  0.00557645875384127
   0.012307719620037 0.000145466456417872    0.895005395485571   0.0982001657264289    0.886469389670578  0.00529892852268542
  0.0124923354143376  0.00014764845326417    0.890110656150387   0.0922534388487098    0.882596780875196  0.00503420488515524
  0.0126797204455526 0.000149863180063106    0.884307573937701    0.089404636915324    0.878137865252892  0.00478176834878178
  0.0128699162522359 0.000152111127764043    0.901261443342015   0.0904311084573284    0.872984225820892  0.00454111558121693
  0.0130629649960195 0.000154392794680511    0.962448176153227   0.0904324066604577    0.867004421008476  0.00431175923959515
  0.0132589094709597 0.000156708686600723    0.860307175484512   0.0817148237238389    0.860038732292061  0.00409322777714532
  0.0134577931130241 0.000159059316899745    0.879423081446768   0.0824608999991596    0.851892772938444  0.00388506522894677
  0.0136596600097195 0.000161445206653234    0.853502115861208   0.0764702067664778    0.842329817923181  0.00368683097868257
  0.0138645549098653 0.000163866884753021    0.781219689966071   0.0709909267543357    0.831061800806622  0.00349809950818973
  0.0140725232335133  0.00016632488802434    0.844483760315046   0.0734978382731584     0.81773912004101  0.00331846013155628
   0.014283611082016 0.000168819761344681    0.813270992044204   0.0699784087628881    0.801939790108401  0.00314751671545552
  0.0144978652482462 0.000171352057764851    0.803402371607448   0.0680855759647366    0.783159195611278  0.00298488738734534
  0.0147153332269699 0.000173922338631319    0.616151767073275   0.0544172327096128    0.760802951444231  0.00283020423309582
  0.0149360632253744 0.000176531173710808    0.638848618562433   0.0547100435208005    0.734187378298306  0.00268311298554077
  0.0151601041737551 0.000179179141316468    0.657784427613834   0.0542998828844846    0.702555073368438  0.00254327270537831
  0.0153875057363614 0.000181866828436213    0.471825820066986   0.0413066919821121    0.665116918833129  0.00241035545577619
  0.0153875057363614 0.000181965208896681    0.605404444465941   0.0475963552920852    0.665114968868116  0.00241035854995106
  0.0156183183224068 0.000184594830862766    0.502688378216596   0.0425288656585407    0.621135749479155  0.00228404597196313
  0.0156183183224068 0.000184694687030128    0.579885881387079   0.0441958718216846    0.621133651925654  0.00228404892091184
  0.0158525930972429 0.000187363753325702    0.492389522867844   0.0407398046957652    0.570068230477755  0.00216404132701794
  0.0158525930972429 0.000187465107335574    0.464387394925555   0.0373390650162242     0.57006612089428  0.00216404413676406
  0.0160903819937015 0.000190277083945617    0.372132961774218   0.0305993767674079    0.511773200916819   0.0020500532713681
  0.0163317377236071 0.000193131240204808    0.395599035394989   0.0316509647635289    0.446787019928503  0.00194179706108555
  0.0165767137894612 0.000196028208807872    0.260511317300081   0.0231785551167695    0.376581960716949  0.00183900756570106
  0.0168253644963031     0.00019896863194    0.212725732411519   0.0190746777923123    0.303741642288699   0.0017414278296644
  0.0170777449637476 0.000201953161419106    0.181829473928903   0.0175777504958692    0.231879615850813  0.00164881154451016
  0.0173339111382038 0.000204982458840383     0.13242611138154   0.0136784527419342    0.165208666744883  0.00156092271324323
  0.0175939198052769 0.000208057195722979   0.0762600384415326   0.0098338561969164    0.107791771645408  0.00147753531741495
   0.017857828602356 0.000211178053658851   0.0482358824854569   0.0076085828118878   0.0626946124843675  0.00139843298755035
  0.0181256960313914 0.000214345724463702   0.0292353941101009   0.0055242371432842   0.0313632120555683  0.00132340867752686
  0.0183975814718623 0.000217560910330681   0.0238088941170297   0.0045019863826364   0.0134670173466333  0.00125226434344665
  0.0186735451939402 0.000220824323985617   0.0138580485465677    0.004550037412892  0.00721978941430381  0.00118481062748751
  0.0189536483718493 0.000224136688845404   0.0129235737948353   0.0030305334473215  0.00998070753621338  0.00112086654716516
   0.019237953097427 0.000227498739178085   0.0309121759492541    0.005006524641888   0.0188756291522666  0.00106025919038818
  0.0195265223938884 0.000230911220265787   0.0303993200602509   0.0045805755705793   0.0312579442646542  0.00100282341663847
  0.0198194202297968 0.000234374888569745   0.0426889289669557   0.0060335461839423   0.0449547666210641 0.000948401564564921
  0.0201167115332437 0.000237890511898298   0.0551294257678167   0.0063532818016891   0.0583350088476545 0.000896843166234797
  0.0204184622062424 0.000241458869576766   0.0689907147348755   0.0069431871655517   0.0702684587293939 0.000848004668246637
   0.020724739139336 0.000245080752620426   0.0709367187896976   0.0071257111042109   0.0800376040502823 0.000801749159871547
   0.021035610226426 0.000248756963909745   0.0753547344360238   0.0070786614752698   0.0872422582008337 0.000757946108353392
  0.0213511443798224 0.000252488318368383   0.0909382407063937   0.0078233487112913   0.0917168531749284 0.000716471101466611
  0.0216714115455197 0.000256275643143915   0.0937037658779975   0.0078499617452596   0.0934668367014588 0.000677205597399425
  0.0219964827187025 0.000260119777791064   0.0954350454991456   0.0076406448654039   0.0926234597877834 0.000640036682002316
  0.0223264299594831 0.000264021574457915   0.0869420423966128   0.0070335744628712   0.0894132230056599  0.00060485683341611
  0.0226613264088753 0.000267981898074808   0.0791922839916911   0.0065997765765752    0.084137446151926 0.000571563694070109
  0.0226613264088753 0.000268054399793532   0.0771397250965419   0.0036141060779119   0.0841371751497969 0.000571564104748111
  0.0230012463050085 0.000272001626545915   0.0724209677519899   0.0061233460142158   0.0771576265862364 0.000540059850019333
  0.0230012463050085 0.000272075215790426   0.0770898952790982   0.0035905430353051   0.0771574299734393 0.000540060239211614
  0.0233462649995836 0.000276081650944128   0.0699727292844624   0.0057806142211757   0.0688828567248935 0.000510252617570627
  0.0233462649995836 0.000276156344027277   0.0666958999638567   0.0030882545149472   0.0688827389849928 0.000510252986343535
  0.0236964589745773 0.000280222875708255   0.0562136928024202   0.0051101300998412   0.0597563656341046 0.000482053837129292
  0.0236964589745773 0.000280298689187702   0.0611776001234131   0.0028391093784286   0.0597563284231316 0.000482054186500798
   0.024051905859196 0.000284426218843915   0.0498388946310723   0.0044411286340436   0.0502392057080433 0.000455379674182646
   0.024051905859196 0.000284503169525532   0.0488265830074203   0.0022983748783912   0.0502392472684207  0.00045538000512418
  0.0244126844470839 0.000288770717068383   0.0384846930802742   0.0018569185082095      0.0407903533301 0.000430150740760661
  0.0247788747137902 0.000293102277824426   0.0300367352048405   0.0015190304166214   0.0318430247482346  0.00040629064001408
   0.025150557834497 0.000297498811991787   0.0243067946186928   0.0012543953595678   0.0237802882935666 0.000383727719302778
  0.0255278162020145  0.00030196129417166   0.0177060186646452   0.0009959931563072   0.0169110713641637 0.000362393593293028
  0.0259107334450447 0.000306490713584255   0.0133859008083638   0.0008041438523938   0.0114507749608543 0.000342223309869143
  0.0262993944467204    0.000311088074288   0.0071614773573202   0.0005319734036265   0.0075091350904535 0.000323155191493807
  0.0266938853634212  0.00031575439540234   0.0052881528858533   0.0004367512426631    0.005087380687883 0.000305130682806624
  0.0270942936438725 0.000320490711333362   0.0038077148629138   0.0003848700930452  0.00408522474497356 0.000288094204303849
  0.0275007080485306 0.000325298072003362   0.0045197908150308   0.0003998542907322   0.0043166286623535   0.0002719930119386
  0.0279132186692585 0.000330177543083404   0.0067130171535822    0.000478347972325  0.00553197680625325 0.000256777062477887
  0.0283319169492974  0.00033513020622966   0.0075698171974726   0.0005206201431692  0.00744358851286831 0.000242398884450686
  0.0287568957035369 0.000340157159323106   0.0101717231209953   0.0006125212816176  0.00975146614900528 0.000228813454520069
  0.0291882491390899 0.000345259516712936   0.0127141292928591   0.0007119760624621   0.0121667089440583 0.000215978079111656
  0.0296260728761763  0.00035043840946366   0.0161377497118003   0.0008303504548947   0.0144308638690024 0.000203852281130718
  0.0300704639693189 0.000355694985605617   0.0176418953864978   0.0008812092494507   0.0163303683870977 0.000192397691600865
  0.0305215209288587 0.000361030410389702   0.0183803780430991    0.000896249099511   0.0177059635323916 0.000181577946058188
  0.0309793437427915 0.000366445866545532    0.020411300805213   0.0009848807942569   0.0184574219330051 0.000171358585536424
  0.0314440338989334 0.000371942554543702   0.0190495353880765    0.000912901474994   0.0185441442896088 0.000161706961980499
  0.0319156944074174 0.000377521692861872   0.0177050816525156   0.0008596579441031   0.0179821956741505 0.000152592147928194
  0.0323944298235287 0.000383184518254808   0.0181185972261149   0.0008917982838966   0.0168382750006158 0.000143984850302197
  0.0328803462708816 0.000388932286028638   0.0159346134002829   0.0008378973443602   0.0152210305957269 0.000135857328157751
  0.0333735514649448 0.000394766270319064   0.0128079933020171   0.0006893717251017   0.0132701226993751 0.000128183314234143
   0.033874154736919  0.00040068776437383   0.0114285877980111   0.0006368284386915   0.0111435251971848 0.000120937940161651
  0.0343822670579728 0.000406698080839447    0.009199945010003    0.000543793708454  0.00900374751755184 0.000114097665178977
  0.0348980010638424 0.000412798552052043   0.0066404125761215   0.0004433811492277  0.00700389627363263 0.000107640208219841
     0.0354214710798 0.000418990530332808   0.0044645338924569   0.0003571672561092  0.00527470721065376 0.000101544483231102
   0.035952793145997 0.000425275388287787   0.0033635897946397   0.0002828864534047  0.00391377362886849 9.57905375885979e-05
  0.0364920850431869 0.000431654519112128   0.0030545639806625   0.0002687561420453  0.00297810781234026 9.03594934807462e-05
  0.0370394663188347 0.000438129336898808   0.0021467240462537   0.0002299741027293  0.00248087182999122 8.52334921338367e-05
  0.0375950583136173 0.000444701276952298    0.002199304760264   0.0002357959228411  0.00239263731768806 8.03956407569163e-05
  0.0381589841883215 0.000451371796106553   0.0025700759605469   0.0002436970410592  0.00264696776983683 7.58299620880553e-05
  0.0387313689511463  0.00045814237304817   0.0033435035643779   0.0002885191506688   0.0031495759011725 7.15213464277327e-05
  0.0393123394854135 0.000465014508643872   0.0040699554108172   0.0003019229070808  0.00378989783209336  6.7455506048996e-05
  0.0399020245776947 0.000471989726273532   0.0054209486620153   0.0003685659397882   0.0044537092295361 6.36189318778799e-05
  0.0405005549463601 0.000479069572167659   0.0053845890782258    0.000357284011118  0.00503539513909929 5.99988523414256e-05
  0.0411080632705555  0.00048625561575017   0.0051059444811999   0.0003398737243864  0.00544863673065591 5.65831942844045e-05
  0.0417246842196139 0.000493549449986426    0.005792917013332   0.0003827906436878  0.00563453202952389 5.33605458595545e-05
  0.0423505544829081 0.000500952691736213   0.0059445948502379   0.0003767728675859  0.00556646438193321 5.03201212997839e-05
  0.0429858128001517 0.000508466982112255   0.0049355351670715   0.0003403490358795  0.00525133522192228 4.74517274843548e-05
   0.043630599992154 0.000516093986843957   0.0047754549922498   0.0003380235791641  0.00472707889164919 4.47457322145596e-05
  0.0442850589920363 0.000523835396646596   0.0039135619428467   0.0002945148273328  0.00405668959346214 4.21930341177932e-05
  0.0449493348769168 0.000531692927596298   0.0026953862137108    0.000236733704515  0.00331932879765035 3.97850341022436e-05
  0.0449493348769168 0.000532999848719191   0.0039095177008909    0.000210833731817  0.00331937576496506  3.9785315616167e-05
  0.0456235749000706     0.00054099484645   0.0032307386310326   0.0001775463442921  0.00259960873867652 3.75138739448364e-05
  0.0456235749000706 0.000539668321510255   0.0019465822522244   0.0001946665681378  0.00259944101074968 3.75136082876563e-05
  0.0463079285235716 0.000547763346332894   0.0014499046632271   0.0001705842277124  0.00197514748747817 3.53710823407565e-05
  0.0463079285235716 0.000549109769146723   0.0022435476496221    0.000128127417315  0.00197540744695651 3.53713330229989e-05
  0.0470025474514252 0.000555979796527915   0.0010886791082497   0.0001473726429833  0.00150743642536783 3.33502071469538e-05
  0.0470025474514252 0.000557346415683915     0.00147155237747    8.98233357541e-05   0.0015077474209064 3.33504436879755e-05
  0.0477075856631966  0.00056431949347583     0.00126548617256    0.000161041609507  0.00123173186884032 3.14441357529128e-05
  0.0477075856631966 0.000565706611919191    0.001044716543617    6.88929137546e-05  0.00123204606911708 3.14443589408855e-05
  0.0484231994481445    0.000574192211098   0.0010606049041566    6.89304044129e-05  0.00115349546427031 2.96466120973771e-05
  0.0484231994481445 0.000572784285877957   0.0012733446838569   0.0001704312966755  0.00115322518101781 2.96464015174117e-05
  0.0491495474398667 0.000581376050166128    0.001799794361689   0.0002033779414949  0.00124686849300454 2.79508974106832e-05
  0.0491495474398667 0.000582805094264468   0.0011060007442714    7.02051310373e-05  0.00124705597086513 2.79510960868463e-05
  0.0498867906514647 0.000590096690918596   0.0020388195259621   0.0002094707084223  0.00146221101325939 2.63518564050931e-05
  0.0498867906514647 0.000591547170678426   0.0016394334413646     9.3416769777e-05  0.00146229143937561 2.63520438429994e-05
  0.0506350925112366 0.000600420378238596   0.0019730112253758   0.0001074193417295   0.0017323983478937 2.48440097311831e-05
  0.0513946188989052  0.00060942668391217   0.0022527755290763   0.0001194403703531  0.00198600678432063 2.34218519603897e-05
  0.0521655381823887 0.000618568084170851   0.0025972138105058   0.0001335789123727   0.0021597685693272 2.20807159302341e-05
  0.0529480212551246 0.000627846605433404   0.0026666104655826   0.0001354656976373  0.00220951119084484 2.08160184654918e-05
  0.0537422415739514 0.000637264304514936   0.0023115546546397   0.0001174996912826  0.00211787981067235 1.96234328930086e-05
  0.0545483751975607 0.000646823269082638   0.0020989024531858   0.0001077400082285  0.00189691256418595 1.84988749179002e-05
  0.0553666008255241 0.000656525618118894   0.0017647445247295    9.26204705056e-05  0.00158484986567797 1.74384892580175e-05
   0.056197099837907 0.000666373502390681   0.0012518738956319     7.0877678599e-05  0.00123757011665233 1.64386369975936e-05
  0.0570400563354756 0.000676369104926511    0.000964216374039    5.69498402008e-05 0.000916208591033667 1.54958836228782e-05
  0.0578956571805077 0.000686514641500426   0.0006127334501454    4.17041835576e-05 0.000673511916376736 1.46069877043513e-05
  0.0587640920382153 0.000696812361122936   0.0004977471702956    3.61829069679e-05 0.000542017115338822  1.3768890191839e-05
  0.0596455534187885 0.000707264546539787   0.0004776587876663    3.45435108404e-05 0.000526968893086695 1.29787042904976e-05
  0.0605402367200703 0.000717873514737872   0.0006389379411992    4.25835693484e-05 0.000605908130948769 1.22337058872091e-05
  0.0614483402708714 0.000728641617458936    0.000782538861895    4.89376749951e-05 0.000735236889974147 1.15313244984385e-05
  0.0623700653749344 0.000739571241720808   0.0008620029684525    5.11210273189e-05 0.000862198973846889 1.08691347120454e-05
  0.0633056163555585 0.000750664810346638   0.0009804223775051    5.60319394602e-05 0.000939151564862752 1.02448480969139e-05
  0.0642552006008918  0.00076192478250183    0.001022486058592     5.8199898261e-05 0.000936235177498236   9.656305555584e-06
  0.0652190286099052 0.000773353654239362   0.0009458578677231    5.61787799993e-05  0.00084885753222935 9.10147009631508e-06
  0.0661973140390538 0.000784953959052936   0.0007097781473412    4.39945522233e-05 0.000697777090427998 8.57842000221103e-06
  0.0671902737496396 0.000796728268438723   0.0005108766956352    3.57947712896e-05 0.000521688087699119 8.08534237617454e-06
  0.0681981278558842 0.000808679192465319   0.0003968865628882    3.08489373939e-05 0.000364506357272607 7.62052704154534e-06
  0.0692210997737224 0.000820809380352298   0.0002477072098223    2.38506282454e-05 0.000261328796229071  7.1823607793121e-06
  0.0702594162703283 0.000833121521057574   0.0002328006354635     2.1545789846e-05 0.000227631044636606 6.76932188377199e-06
  0.0713133075143832 0.000845618343873447   0.0002347299607579    2.12232987251e-05 0.000255324594490339 6.37997501945127e-06
  0.0723830071270989 0.000858302619031574   0.0003316026364734    2.60937782694e-05 0.000316994119340603 6.01296636299207e-06
  0.0734687522340054 0.000871177158317021   0.0003676639116984    2.83955697361e-05 0.000376726522650768 5.66701901456145e-06
  0.0745707835175154 0.000884244815691787   0.0004114432713876    2.91295837825e-05 0.000403506235529902 5.34092866414553e-06
  0.0756893452702782 0.000897508487927149   0.0003546584926444    2.72099210975e-05 0.000382166502973359 5.03355949885974e-06
  0.0768246854493324 0.000910971115246085   0.0003098452786033    2.48981216936e-05 0.000317810272209385 4.74384033813746e-06
  0.0779770557310723 0.000924635681974766   0.0002444595884952    2.23172743909e-05 0.000232165406012113  4.4707609843506e-06
  0.0791467115670384 0.000938505217204383   0.0001574591963821    1.75586436048e-05 0.000153566740509612 4.21336877707762e-06
   0.080333912240544 0.000952582795462425   0.0001282201901256    1.47856782775e-05 0.000104865543592676 3.97076533985846e-06
  0.0815389209241521 0.000966871537394383    8.08653421042e-05    1.37221977013e-05 9.44097871199406e-05 3.74210350887055e-06
  0.0827620047380144 0.000981374610455277   0.0001098353385724    1.50386228712e-05 0.000113847974321824 3.52658443352437e-06
  0.0840034348090846 0.000996095229612128   0.0001031297291106    1.49403658604e-05 0.000143410481883367 3.32345483951228e-06
  0.0852634863312209   0.0010110366580563   0.0001649017513722    1.74836550937e-05 0.000161901690537819 3.13200444535211e-06
  0.0865424386261892  0.00102620220792715    0.000165699183683    1.82649664744e-05 0.000156523548430628  2.9515635239492e-06
   0.087840575205582  0.00104159524104604   0.0001130211048864    1.59503288599e-05 0.000127900744836385 2.78150060115706e-06
  0.0891581838336657  0.00105721916966174    8.28922295032e-05    1.37609389091e-05 8.81929396447496e-05 2.62122028374968e-06
  0.0891581838336657  0.00105364070928638   0.0001047271634307     6.8297908524e-06 8.81800421356388e-05 2.62119416132179e-06
  0.0904955565911707  0.00106944531992566    6.61904308948e-05     4.8924602611e-06 5.36702212844651e-05 2.47013658743412e-06
  0.0904955565911707  0.00107307745720668    6.22342278549e-05    1.09537554639e-05 5.37091007170693e-05 2.47016120963055e-06
  0.0918529899400382  0.00108917361906477    4.46112178144e-05     9.7397699007e-06 3.61698793902617e-05 2.32779411349187e-06
  0.0918529899400382  0.00108548699972455    3.77819377116e-05     3.3734085636e-06 3.61277624959595e-05 2.32777090564397e-06
  0.0932307847891388  0.00110551122335077    3.22728682024e-05     9.3647511721e-06 3.72511724919427e-05 2.19362000150581e-06
  0.0932307847891388  0.00110176930472043    3.70295116992e-05     3.2097800402e-06  3.7227345925055e-05 2.19359812701649e-06
  0.0946292465609759  0.00112209389170102    3.01994925536e-05    1.36273188473e-05 4.90229748016221e-05 2.06716842898046e-06
  0.0946292465609759  0.00111829584429123    4.10949655123e-05     3.4303333508e-06 4.90262745973162e-05 2.06714781147601e-06
  0.0960486852593905  0.00113892530007651    5.38544725449e-05     9.8376059565e-06 5.95132308920778e-05 1.94799587524338e-06
  0.0960486852593905  0.00113507028195557    5.26932334072e-05     4.0183321185e-06 5.95364327598476e-05   1.947976442705e-06
  0.0974894155382814  0.00115600917957766    5.19159161547e-05    1.29768399885e-05 5.98245073257145e-05 1.83568421032904e-06
  0.0974894155382814  0.00115209633618494    6.12922030016e-05     4.3103702859e-06 5.98503749277453e-05 1.83566589484624e-06
  0.0989517567713556  0.00117334931727132    3.43148472245e-05    1.18706875514e-05 4.86257887959067e-05 1.72983924834408e-06
  0.0989517567713556   0.0011693777812277    5.50886477556e-05     4.0445585588e-06 4.86382543764808e-05 1.72982198588182e-06
   0.100436033122926  0.00118691844794613    3.96622610658e-05     3.2464745772e-06 3.17110246616638e-05 1.63007311284442e-06
    0.10194257361977  0.00120472222466532      1.757378794e-05     2.4046412121e-06 1.74736417212248e-05 1.53606896428136e-06
   0.103471712224066  0.00122279305803528    1.59512494716e-05     2.1193867127e-06 1.14882949627676e-05  1.4474793056444e-06
   0.105023787907427  0.00124113495390583    1.09247623708e-05     1.9854821027e-06 1.35741836780211e-05 1.36399283351702e-06
   0.106599144726039  0.00125975197821438    1.24090029808e-05     1.9269894492e-06 1.88978999307843e-05 1.28531609481631e-06
   0.108198131896929  0.00127864825788762    2.05081371018e-05     2.1132556908e-06 2.18002012429848e-05 1.21117246731979e-06
   0.109821103875383  0.00129782798175591    2.37167110819e-05     2.2555030515e-06 1.95084311332111e-05 1.14130119806995e-06
   0.111468420433514  0.00131729540148226    1.05571307505e-05     1.9485864174e-06  1.3354349247764e-05  1.0754564964003e-06
   0.113140446740017  0.00133705483250451     6.5449147838e-06      1.935213064e-06 7.10733827453298e-06 1.01340667850705e-06
   0.114837553441117  0.00135711065499209     2.7567161251e-06     1.6676853312e-06 4.00396135074077e-06 9.54933360661544e-07
   0.116560116742734  0.00137746731481694     3.8555553807e-06     1.7267753301e-06 4.66775162207703e-06 8.99830698320668e-07
   0.118308518493875  0.00139812932453919     5.4557425242e-06        1.5465587e-06 7.15505778531964e-06 8.47904668544531e-07
   0.120083146271283  0.00141910126440728      7.426460446e-06     1.7129406725e-06 8.73619112766573e-06 7.98972393275506e-07
   0.121884393465352   0.0014403877833734     9.0094210946e-06      1.807973626e-06 7.92622741845027e-06  7.5286150116939e-07
   0.123712659367332    0.001461993600124     5.4413509439e-06      1.683333975e-06 5.33947017620251e-06 7.09409525798045e-07
   0.125568349257842  0.00148392350412587     6.4614413592e-06      1.608279122e-06 2.92355726716271e-06 6.68463338165165e-07
    0.12745187449671  0.00150618235668774     4.1158647036e-06     1.6668586409e-06 2.28901403011073e-06 6.29878611592225e-07
    0.12936365261416  0.00152877509203809      1.476909757e-07     1.8380098641e-06 3.44873712890954e-06 5.93519317140125e-07
   0.131304107403373  0.00155170671841864     1.8370486327e-06      1.673525036e-06 4.94146318702152e-06 5.59257247835083e-07
   0.133273669014423  0.00157498231919494     1.5328791139e-06     1.6673909073e-06 5.21238235189049e-06 5.26971570064981e-07
    0.13527277404964  0.00159860705398285     4.3932755752e-06     1.6903068234e-06 4.03171590206466e-06 4.96548400603692e-07
   0.137301865660384   0.0016225861597926     8.1203790331e-06     1.5326328799e-06 2.62116367142854e-06 4.67880407807771e-07
    0.13936139364529  0.00164692495218949     3.1073931783e-06      1.606385877e-06 2.33610404665756e-06 4.40866435612055e-07
   0.141451814549969   0.0016716288264723     2.6848634788e-06     1.5813090819e-06 3.24063504650815e-06  4.1541114902782e-07
   0.143573591768219   0.0016967032588694     3.3510882066e-06     1.6855515274e-06 4.11647848432247e-06 3.91424699920328e-07
   0.145727195644742  0.00172215380775243     4.6546059113e-06     1.6048803577e-06 3.90912987137281e-06 3.68822411911912e-07
   0.147913103579413  0.00174798611486872     1.4971766463e-06      1.691138525e-06 2.92783898699431e-06 3.47524483321555e-07
   0.150131800133105  0.00177420590659174     4.2305840923e-06      1.555205373e-06   2.359756646064e-06 3.27455707113302e-07
   0.152383777135101  0.00180081899519064     1.2549153488e-06      1.657085217e-06 2.73378388268816e-06 3.08545206884458e-07
   0.154669533792128  0.00182783128011851     1.9115238562e-06     1.6342066203e-06 3.32019856667946e-06 2.90726187979069e-07
   0.156989576799009  0.00185524874932026      2.340206424e-06     1.6147014155e-06  3.2093186257265e-06 2.73935702864006e-07
   0.159344420450995  0.00188307748056008     2.5224364991e-06      1.542033587e-06 2.53652689009684e-06   2.581144299537e-07
    0.16173458675776  0.00191132364276847     2.9211403143e-06       1.60529347e-06  2.1665461060544e-06 2.43206465116101e-07
   0.164160605559126     0.00193999349741     3.9858922232e-06      1.568968236e-06 2.39506782855404e-06 2.29159125135485e-07
   0.166623014642513  0.00196909339987115       6.71368213e-07     1.5769418395e-06  2.6123077034491e-06 2.15922762449212e-07
    0.16912235986215  0.00199862980086923       -5.9657116e-07      1.640447415e-06 2.32894402046075e-06 2.03450590514254e-07
   0.171659195260083  0.00202860924788226      -4.81368218e-08     1.6497114707e-06 1.88464456171929e-06 1.91698519195681e-07
   0.174234083188984  0.00205903838660051     1.9159523402e-06      1.542441332e-06 1.79285325950411e-06 1.80624999604136e-07
   0.176847594436819  0.00208992396239949     3.1490378858e-06      1.575242596e-06 1.91563417144577e-06 1.70190877841748e-07
   0.179500308353371  0.00212127282183549     2.3604553161e-06     1.6308874475e-06 1.80615629196693e-06 1.60359257146838e-07
   0.182192812978671  0.00215309191416302     1.4183102165e-06     1.5120749184e-06  1.4928588359793e-06 1.51095367956566e-07
   0.184925705173351  0.00218538829287549      2.396347264e-07     1.6171425496e-06 1.33612630233642e-06 1.42366445434239e-07
   0.187699590750952   0.0022181691172686     1.4274197357e-06     1.5990401657e-06 1.35202566749144e-06 1.34141614033752e-07
   0.190515084612216  0.00225144165402762     2.9501730595e-06     1.4790505073e-06 1.26483391715867e-06 1.26475068368473e-07
   0.193372810881399  0.00228521327883804     -4.595708789e-07     1.6684574925e-06 1.06956429315537e-06 1.20164990571521e-07
    0.19627340304462   0.0023194914780206      1.489117017e-07     1.6465033148e-06 9.50214930824056e-07 1.16437185370122e-07
