# intensity: 0.962625726263921
# background: 1.77703678336193e-07
#           Q (1/A)             dQ (1/A)                    R                   dR               theory              fresnel
  0.0153875057363614 0.000182014864680675    0.455684303782788   0.0341967180233977    0.423442272243542    0.170563492679287
  0.0156183183224068 0.000184745087650886    0.445118685925574   0.0328972349781597    0.412314786895519    0.158552788646178
  0.0158525930972429 0.000187516263965649    0.408446863879306   0.0300508061869058    0.393954573515376     0.14131810839057
  0.0160903819937015 0.000190329007925134    0.368358400804415    0.030097663829044    0.371719292592854    0.124301748170805
  0.0163317377236071 0.000193183943044011    0.386750846448788   0.0308057444943334    0.347822104165417    0.109826688179042
  0.0165767137894612 0.000196081702189671    0.352601218615106   0.0280995845529189    0.322492457761643   0.0975860190254608
  0.0168253644963031 0.000199022927722516    0.351414060950583   0.0274282029241498    0.295835281010348   0.0871294530304089
  0.0170777449637476 0.000202008271638353    0.302172596335745   0.0238726066409938    0.268086441617127   0.0781173085973065
  0.0173339111382038 0.000205038395712929    0.262165994950429   0.0211799463568956     0.23960854602384   0.0702913651450512
  0.0175939198052769 0.000208113971648623    0.229737247149374   0.0184139142325858    0.210879214979196   0.0634513443458269
   0.017857828602356 0.000211235681223352    0.205573316977663   0.0169247502387054    0.182472949940801   0.0574392556341727
  0.0181256960313914 0.000214404216441702    0.170972697135542   0.0140621480272483    0.155032582334963   0.0521286487319892
  0.0183975814718623 0.000217620279688328    0.130992097031745   0.0112635306831589    0.129228939456191   0.0474170393797036
  0.0186735451939402 0.000220884583883653    0.111445901067226   0.0099278799670828     0.10571047371545   0.0432204501482034
  0.0189536483718493 0.000224197852641907   0.0893343190159766  0.00811745832543133   0.0850478331730101   0.0394693982088942
   0.019237953097427 0.000227560820431536    0.073311873071884  0.00694630141622472    0.067680890338822   0.0361058956496602
  0.0195265223938884 0.000230974232738009   0.0601963893685367  0.00621940302551314   0.0538766712582346   0.0330811725786632
  0.0198194202297968 0.000234438846229079   0.0461662711900282  0.00502432786587003   0.0437053720692193   0.0303539253527994
  0.0201167115332437 0.000237955428922515   0.0457695642172655  0.00467478886060005   0.0370383816530349   0.0278889523761553
  0.0204184622062424 0.000241524760356353   0.0317524467822408  0.00350941945723085   0.0335678876582573   0.0256560800217718
   0.020724739139336 0.000245147631761698   0.0282322824085706  0.00321404244990087   0.0328435817354637   0.0236293085269487
   0.021035610226426 0.000248824846238124   0.0391698767498098  0.00401574649316884   0.0343193807163071   0.0217861266241861
  0.0213511443798224 0.000252557218931695   0.0318851322707319  0.00329356646306576   0.0374024864145258   0.0201069569856082
  0.0216714115455197 0.000256345577215671   0.0440650450071967   0.0042365709087704   0.0414983052592034    0.018574704073101
  0.0219964827187025 0.000260190760873906   0.0450285166509185  0.00419011770711263   0.0460470111317327   0.0171743828766466
  0.0223264299594831 0.000264093622287014   0.0487578760353898  0.00435253793802696    0.050550009939345   0.0158928120752235
  0.0226613264088753  0.00026805502662132   0.0525960841040378  0.00378875332913827   0.0545866041110147   0.0147183589010533
  0.0230012463050085 0.000272075852020639   0.0583381146282563  0.00420209862700657   0.0578224482645722   0.0136407257956791
  0.0233462649995836 0.000276156989800949   0.0557843973870297  0.00389600955692965   0.0600119232149692   0.0126507710712251
  0.0236964589745773 0.000280299344647963   0.0649493414005006  0.00443780843102166   0.0609965023133003   0.0117403574129625
   0.024051905859196 0.000284503834817683   0.0561458757993224  0.00380530968826553   0.0607007657088274   0.0109022233091977
  0.0244126844470839 0.000288771392339948   0.0601564395931545  0.00422112671693085   0.0591271349438516   0.0101298734648452
  0.0247788747137902 0.000293102963225047   0.0594132838198752  0.00423544264812163   0.0563497989440792  0.00941748501400568
   0.025150557834497 0.000297499507673423   0.0545821661485732  0.00385026701608316   0.0525077791025572  0.00875982694464162
  0.0255278162020145 0.000301962000288524   0.0448132848398221  0.00338345875726397    0.047796699036592  0.00815219062236977
  0.0259107334450447 0.000306491430292852   0.0409686940189272  0.00308711661012866   0.0424586306694967  0.00759032967847065
  0.0262993944467204 0.000311088801747245   0.0383462968733437  0.00291302623294947   0.0367694196270361  0.00707040783059709
  0.0266938853634212 0.000315755133773453   0.0325961708230001  0.00257173141852797   0.0310231697943308  0.00658895344946537
  0.0270942936438725 0.000320491460780055   0.0270627869492934  0.00220338194670131   0.0255140747793933   0.0061428198833801
  0.0275007080485306 0.000325298832691756   0.0201528547087413   0.0017282102700203   0.0205164534296494   0.0057291507143165
  0.0279132186692585 0.000330178315182132   0.0147355272833112   0.0013815456384723   0.0162645435321429  0.00534534925186726
  0.0283319169492974 0.000335130989909864   0.0145948855388245  0.00139017249361883   0.0129341496242934  0.00498905168044642
  0.0287568957035369 0.000340157954758512  0.00955823994057973  0.00104732299351617    0.010628441830116  0.00465810336527975
  0.0291882491390899  0.00034526032407989   0.0103242940043573  0.00114427142079816  0.00936994046871711  0.00435053789749757
  0.0296260728761763 0.000350439228941088   0.0102146941570457  0.00115014462152119  0.00909999596843476  0.00406455852093778
  0.0300704639693189 0.000355695817375204   0.0107437115897858  0.00116347354322702  0.00968602788168449  0.00379852163534778
  0.0305215209288587 0.000361031254635832   0.0108836462403229  0.00114981803047659   0.0109356680217097  0.00355092211437137
  0.0309793437427915  0.00036644672345537   0.0129043462196128  0.00132120317979345   0.0126160292285727   0.0033203802134979
  0.0314440338989334   0.0003719434243072   0.0154335227309893  0.00147207390051057    0.014475788200265  0.00310562987422791
  0.0319156944074174 0.000377522575671808   0.0143979260139513  0.00135166988026984   0.0162676895015513  0.00290550825704339
  0.0323944298235287 0.000383185414306885   0.0133585294021495  0.00131811017986957   0.0177693724680174  0.00271894635815264
  0.0328803462708816 0.000388933195521489   0.0190758912900353  0.00190110191063534   0.0188009288117161  0.00254496058405799
  0.0333735514649448 0.000394767193454311    0.019815469875554  0.00190128721933211   0.0192381353350914  0.00238264517430319
   0.033874154736919 0.000400688701356125   0.0213867450942233  0.00210305006971478   0.0190207396133909  0.00223116537673455
  0.0343822670579728 0.000406699031876467   0.0182463499618128  0.00183436866665953   0.0181554560578407  0.00208975129162159
  0.0348980010638424 0.000412799517354614   0.0135326860129761  0.00140817467016764   0.0167134907946188  0.00195769231133018
     0.0354214710798 0.000418991510114933   0.0134668877036794  0.00138538479929214    0.014822554787259  0.00183433209117685
   0.035952793145997 0.000425276382766657   0.0118084411552584  0.00132909097328172   0.0126535666638975  0.00171906399482716
  0.0364920850431869 0.000431655528508157  0.00972124682870937  0.00110688705260151   0.0104026832254963  0.00161132696431075
  0.0370394663188347  0.00043813036143578  0.00740284438322884 0.000952817036243423  0.00826994221102199  0.00151060177055868
  0.0375950583136173 0.000444702316857316   0.0056744944934876 0.000781135894836678  0.00643656178651926  0.00141640760545123
  0.0381589841883215 0.000451372851610176  0.00497961556810113 0.000720616471409693  0.00504360714664884   0.0013282989808004
  0.0387313689511463 0.000458143444384329  0.00386209948771584 0.000627105114756064  0.00417504295528427  0.00124586290357275
  0.0393123394854135 0.000465015596050093  0.00401998954111556 0.000671772989011842  0.00384792136204663   0.0011687163000586
  0.0399020245776947 0.000471990829990845  0.00462042178078439 0.000752510753446064  0.00401154188497357   0.0010965036646804
  0.0405005549463601 0.000479070692440707  0.00562162399996055 0.000830191196657259  0.00455600689161652  0.00102889491175883
  0.0411080632705555 0.000486256752827318  0.00500844401270242  0.00074775157075652  0.00532901019868859 0.000965583410870042
  0.0417246842196139 0.000493550604119728  0.00504483363457854 0.000750128384175594  0.00615832268845198 0.000906284188469252
  0.0423505544829081 0.000500953863181523  0.00803807157755052  0.00108437378390557  0.00687657753987517 0.000850732280261995
  0.0429858128001517 0.000508468171129246  0.00849235395198026  0.00120417993670386  0.00734472480148311 0.000798681220402552
   0.043630599992154 0.000516095193696185  0.00772932277247713  0.00109730470062142  0.00747085296022003 0.000749901655017024
  0.0442850589920363 0.000523836621601628  0.00714687312444183  0.00103069108813914  0.00722179663286979 0.000704180068807444
  0.0449493348769168 0.000531694170925652  0.00647680810404082 0.000899463468259061  0.00662590645162622 0.000661317614613142
  0.0456235749000706 0.000539669583489537   0.0059768267344006 0.000947600518347858  0.00576646748138391 0.000621129036802971
  0.0463079285235716  0.00054776462724188  0.00501015168349555 0.000827603385853103  0.00476649788677143 0.000583441680261475
  0.0470025474514252 0.000555981096650508  0.00337819841932437 0.000609753476890693  0.00376700549289537  0.00054809457752658
  0.0477075856631966 0.000564320813100265  0.00296756952112019 0.000525613104530083  0.00290207935176621 0.000514937607346781
  0.0484231994481445 0.000572785625296769   0.0025741303964636 0.000713108657627145  0.00227514730694007  0.00048383071856185
  0.0491495474398667 0.000581377409676221  0.00164860451565026 0.000358567320516803  0.00194095809273431 0.000454643213781406
  0.0498867906514647 0.000590098070821364  0.00250072821879559 0.000485555697779526  0.00189705917303466 0.000427253087847491
  0.0506350925112366 0.000598949541883685  0.00282846219640898 0.000632664695630348  0.00208673513307646 0.000401546416527234
  0.0513946188989052  0.00060793378501194  0.00300336724689926 0.000617963832963153  0.00241291210088696 0.000377416791295497
  0.0521655381823887 0.000617052791787119  0.00331620262054525 0.000755192952562448  0.00276006011933989 0.000354764796440083
  0.0529480212551246 0.000626308583663925  0.00373935587941209  0.00082288879034409  0.00301930730127883 0.000333497525058076
  0.0537422415739514 0.000635703212418884  0.00251930510895502 0.000536386390384447   0.0031112713666346 0.000313528130815189
  0.0545483751975607 0.000645238760605168  0.00292459649751191 0.000756539951269815  0.00300163946792463 0.000294775412614024
  0.0553666008255241 0.000654917342014245  0.00295594327483551 0.000760369008531118  0.00270612368305533 0.000277163429564977
   0.056197099837907 0.000664741102144459  0.00221282948304934 0.000556899813446368  0.00228375659955101 0.000260621143877881
  0.0570400563354756 0.000674712218676625  0.00227696282374703 0.000711679682077509  0.00182014715657064 0.000245082089495825
  0.0578956571805077 0.000684832901956775   0.0021199830936133  0.00121060428610836  0.00140477891441258 0.000230484064476984
  0.0587640920382153 0.000695105395486126   0.0012892106869096  0.00057635327936931  0.00110891215642477 0.000216916670254333
  0.0596455534187885 0.000705531976418418  0.00128874341532934 0.000477394800499918 0.000963595204485307  0.00020577977110078
  0.0605402367200703 0.000716114956064694 0.000959440099777576 0.000485076059870493 0.000923469977933592 0.000199210570176506
