# intensity: 1.03385288629981
# background: 0
#           Q (1/A)             dQ (1/A)                    R                   dR               theory              fresnel
          0.00799213 9.40004255319149e-05              1.04864            0.0890481     1.03384111722949     1.03385288629981
          0.00811201 9.54106382978723e-05              1.17772             0.087625     1.03384069191734     1.03385288629981
          0.00823369 9.68417021276596e-05             0.983739            0.0752765     1.03383996640763     1.03385288629981
          0.00835719 9.82944680851064e-05              1.04899            0.0744039     1.03383905250935     1.03385288629981
          0.00848255 9.97689361702128e-05              1.13337              0.07413     1.03383802583472     1.03385288629981
          0.00860979 0.000101265531914894              1.12988            0.0699668     1.03383688209219     1.03385288629981
          0.00873894 0.000102784255319149             0.953504            0.0609347     1.03383560383958     1.03385288629981
          0.00887002 0.000104325957446809              1.08651            0.0621287     1.03383417010898     1.03385288629981
          0.00900307 0.000105891063829787              1.07751             0.059149     1.03383255558367     1.03385288629981
          0.00913812  0.00010747914893617              1.07366            0.0558269      1.0338307299086     1.03385288629981
          0.00927519 0.000109091489361702               1.1153            0.0544943     1.03382865647648     1.03385288629981
          0.00941432 0.000110728085106383              1.06411            0.0512037     1.03382629034453     1.03385288629981
          0.00955553 0.000112708936170213              1.11233             0.105451     1.03382357605509     1.03385288629981
          0.00955553 0.000112388936170213                1.024            0.0478534     1.03382357668583     1.03385288629981
          0.00969887 0.000114399574468085              0.99923            0.0927845     1.03382044626226     1.03385288629981
          0.00984435 0.000116115744680851              1.02128            0.0879038     1.03381681591494     1.03385288629981
          0.00999201 0.000117857446808511              1.04111            0.0874121     1.03381257783523     1.03385288629981
           0.0101419 0.000119625106382979              1.11957            0.0877916     1.03380759530355     1.03385288629981
            0.010294 0.000121419574468085              1.10475            0.0835799     1.03380169521901     1.03385288629981
           0.0104484  0.00012324085106383               1.1486            0.0798048     1.03379464783377     1.03385288629981
           0.0106052 0.000125089361702128              1.00393            0.0714982     1.03378614875665     1.03385288629981
           0.0107642 0.000126965957446809              1.11339            0.0695886     1.03377580996139     1.03385288629981
           0.0109257 0.000128870212765957              1.06111             0.065292     1.03376306866254     1.03385288629981
           0.0110896 0.000130803404255319             0.936936            0.0602863     1.03374717721102     1.03385288629981
           0.0112559 0.000132765531914894              1.04121            0.0620017     1.03372707150934     1.03385288629981
           0.0114248 0.000134757021276596              1.06797            0.0588706     1.03370117957442     1.03385288629981
           0.0115961  0.00013677829787234              1.04978            0.0562068       1.033667229586     1.03385288629981
           0.0117701 0.000139186808510638              1.13576             0.135197     1.03362158453444     1.03385288629981
           0.0117701 0.000138829787234043              1.07492            0.0541994     1.03362160995361     1.03385288629981
           0.0119466 0.000140912340425532              1.03921            0.0510921     1.03355867644576     1.03385288629981
           0.0119466 0.000141274468085106             0.974085             0.121527     1.03355863695885     1.03385288629981
           0.0121258 0.000143393617021277              1.19898             0.131964     1.03346870736058     1.03385288629981
           0.0123077 0.000145544680851064              1.10973             0.119836     1.03333457183083     1.03385288629981
           0.0124923 0.000147727659574468              1.13184             0.118388      1.0331227499713     1.03385288629981
           0.0126797 0.000149943829787234             0.904011            0.0999603     1.03275999633735     1.03385288629981
           0.0128699 0.000152192765957447              1.05271             0.106414      1.0320547264266     1.03385288629981
            0.013063 0.000154475744680851             0.799531             0.087009     1.03024592066398     1.03385288629981
           0.0132589 0.000156792765957447              0.92333            0.0947657     1.02229588052619     1.03385288629981
           0.0134578 0.000159144680851064             0.902643            0.0895005     0.99085524455949     1.03385288629981
           0.0136597 0.000161531914893617              1.01013            0.0937828    0.947188237148478     1.03385288629981
           0.0138646 0.000163954893617021              1.10445             0.097327     0.95272070912964     1.03361773728016
           0.0140725 0.000166414468085106              1.12018            0.0968412    0.995014558295664     1.02643465723133
           0.0142836 0.000168910638297872              1.06705            0.0908272     1.01160507887467    0.968260760796576
           0.0144979 0.000171444255319149             0.884849            0.0781829    0.986351873257165    0.796871599104779
           0.0147153 0.000174015744680851             0.839375            0.0734459    0.939988262124955    0.567670445092442
           0.0149361 0.000176625957446808             0.878409            0.0733046    0.899416142782964     0.40462875472529
           0.0151601 0.000179275319148936             0.828509             0.069009    0.867251048681806     0.31495169421188
           0.0153875 0.000181964680851064             0.777328            0.0639745    0.835573391205808    0.258270172156409
           0.0153875 0.000182013617021277             0.847735            0.0668519    0.835572898842486    0.258272906833921
           0.0156183 0.000184694042553191             0.725283            0.0595568    0.800404179446047    0.217398994380813
           0.0156183 0.000184743829787234             0.782413             0.061252    0.800403370023604    0.217400705118036
           0.0158526 0.000187464255319149             0.750407            0.0606121    0.759704753297739    0.186081074516979
           0.0158526 0.000187515319148936             0.664815            0.0526613    0.759703704425153    0.186082261061101
           0.0160904 0.000190328085106383              0.76598            0.0565474    0.712003988895584    0.161219950468877
           0.0163317 0.000193182978723404             0.622624            0.0476141    0.656184054547722    0.140993931231692
           0.0165767 0.000196080425531915             0.544012             0.042666    0.591557878278295    0.124224243289608
           0.0168254  0.00019902170212766             0.478331             0.037793    0.518282284696683    0.110122906188775
           0.0170777 0.000202007234042553              0.41454            0.0333111    0.437755656455232   0.0981343106905817
           0.0173339 0.000205037021276596             0.323172            0.0279257    0.352785750179179   0.0878339141626582
           0.0175939 0.000208112765957447             0.238247            0.0226983    0.267872653740704   0.0789180603811572
           0.0178578 0.000211234468085106             0.174369            0.0184131    0.188513979256737   0.0711459094355001
           0.0181257 0.000214402978723404             0.106914            0.0129097    0.120216502792074   0.0643291909216025
           0.0183976  0.00021761914893617            0.0730155            0.0107984    0.067219588639627    0.058320491064742
           0.0186735 0.000220883404255319            0.0289161           0.00628038    0.031459909025928   0.0530005807012902
           0.0189536 0.000224196595744681            0.0187746            0.0051347   0.0123132133776031   0.0482687100213131
            0.019238 0.000227559574468085           0.00737148           0.00362479  0.00717190630908988    0.044043938478369
           0.0195265 0.000230972765957447            0.0180655           0.00478508   0.0123568188758326   0.0402628213702163
           0.0198194 0.000234437446808511             0.026541           0.00543386   0.0240510061785131   0.0368657250229402
           0.0201167 0.000237954042553191            0.0416031           0.00639441    0.038925896540275   0.0338060013961541
           0.0204185 0.000241523404255319             0.072712           0.00817077    0.054419536782952   0.0310429411926506
           0.0207247 0.000245146382978723            0.0717581           0.00836796   0.0687449184251971   0.0285433763546429
           0.0210356 0.000248823404255319             0.073939           0.00807438     0.08080527713475   0.0262756562153344
           0.0213511 0.000252555744680851             0.088198           0.00912542   0.0900022573691183   0.0242153850919505
           0.0216714 0.000256344255319149            0.0942943           0.00876656   0.0961196116497434   0.0223394169310767
           0.0219965 0.000260189361702128             0.107633           0.00973522   0.0991903057100095    0.020628783867495
           0.0223264 0.000264091914893617            0.0927304            0.0086623    0.099419030498091   0.0190667895640563
           0.0226613 0.000268053617021277            0.0999546           0.00882107   0.0971185974071266   0.0176378745495051
           0.0226613 0.000267763829787234            0.0961027           0.00454632   0.0971200193730095   0.0176377749994198
           0.0230012 0.000272074042553191            0.0906024           0.00803008   0.0926665971268023   0.0163292066654854
           0.0230012           0.00027178             0.101158           0.00472709   0.0926677132228223    0.016329116548085
           0.0233463 0.000276155319148936            0.0913305           0.00787155   0.0864723038405239   0.0151287037006953
           0.0233463 0.000275857021276596            0.0901629           0.00418724   0.0864731120913853   0.0151286219896111
           0.0236965 0.000280297872340426            0.0882343           0.00759395   0.0789611266704211   0.0140266672404307
           0.0236965 0.000279994893617021            0.0870221           0.00401129   0.0789616382668568   0.0140265929293218
           0.0240519 0.000284502127659574            0.0689612           0.00648625   0.0705487003853576    0.013013790145789
           0.0240519 0.000284194468085106             0.069604           0.00324685   0.0705489340366411   0.0130137224758543
           0.0244127 0.000288457446808511            0.0623795           0.00294142   0.0616273424970825   0.0120814891063009
           0.0247789 0.000292784255319149            0.0531079           0.00253508   0.0525638671377748   0.0112228077157501
           0.0251506 0.000297176170212766            0.0445888           0.00217302    0.043686562646287   0.0104310829837165
           0.0255278 0.000301633617021277            0.0360862           0.00183256   0.0352856995248797  0.00970059383660612
           0.0259107  0.00030615829787234            0.0290525           0.00152059   0.0276057606834739  0.00902582051459767
           0.0262994 0.000310750638297872            0.0221824           0.00121395   0.0208525818382696  0.00840199561825588
           0.0266939 0.000315411914893617            0.0150837          0.000920869   0.0151919174052723  0.00782496224045198
           0.0270943 0.000320142978723404            0.0108779          0.000719261   0.0107442256948127  0.00729080353616812
           0.0275007 0.000324945106382979           0.00781515          0.000595636  0.00758331356711589    0.006795977817877
           0.0279132 0.000329819574468085           0.00703693          0.000529389   0.0057312049450963  0.00633727726644088
           0.0283319 0.000334766808510638           0.00489602          0.000452488  0.00515241548595894   0.0059117912271495
           0.0287569 0.000339788085106383           0.00622551          0.000500482  0.00574941029464802  0.00551687505451257
           0.0291882 0.000344885106382979           0.00800169          0.000571778  0.00736083512686103  0.00515020389432826
           0.0296261  0.00035005829787234           0.00976568          0.000662115  0.00976689226452075  0.00480941420328955
           0.0300705 0.000355309361702128            0.0128889          0.000769185   0.0126961248113655  0.00449266046337279
           0.0305215 0.000360638723404255            0.0157921           0.00086912   0.0158440206697511  0.00419809680710722
           0.0309793 0.000366048510638298            0.0199305           0.00103835   0.0188940761556106  0.00392397795240636
            0.031444  0.00037153914893617            0.0213186           0.00108651   0.0215403700371152  0.00366877251344272
           0.0319157 0.000377112340425532            0.0239694           0.00116502   0.0235133731754982   0.0034310761208819
           0.0323944 0.000382768936170213            0.0264896           0.00126597   0.0246035708844012   0.0032096442304823
           0.0328803 0.000388510638297872            0.0250744           0.00126161   0.0246824251504216  0.00300324068781352
           0.0333736  0.00039433829787234            0.0217758           0.00110574   0.0237153386825629  0.00281073845628907
           0.0338742 0.000400253191489362            0.0221448           0.00111274   0.0217700626167644  0.00263121235448573
           0.0343823 0.000406257021276596            0.0191028          0.000982518   0.0190133224904352  0.00246369771979447
            0.034898 0.000412350638297872            0.0159582          0.000874085   0.0156987586976419  0.00230734190342071
           0.0354215 0.000418536170212766            0.0126478          0.000727946   0.0121424264396835  0.00216133093156463
           0.0359528 0.000424814042553191           0.00908068          0.000573803  0.00869107903401365  0.00202496863115221
           0.0364921 0.000431187234042553           0.00528675          0.000418054   0.0056784664236594  0.00189755967169084
           0.0370395 0.000437655319148936           0.00385579          0.000358417  0.00338420637451525  0.00177848691814459
           0.0375951 0.000444217021276596           0.00224037          0.000263624  0.00199456422618731  0.00166717871234481
            0.038159  0.00045088085106383           0.00199876          0.000255109  0.00157587634776445  0.00156310526829704
           0.0387314 0.000457646808510638           0.00203243          0.000241514  0.00206567437061495  0.00146575869022931
           0.0393123 0.000464510638297872           0.00400459          0.000343677  0.00328343802983983  0.00137470174281222
            0.039902 0.000471476595744681           0.00493277           0.00041003  0.00496030096911194  0.00128948293499905
           0.0405006 0.000478548936170213           0.00714629          0.000477743  0.00678001079171859  0.00120971494937214
           0.0411081 0.000485727659574468           0.00874201          0.000546195  0.00842621857497542  0.00113504925300222
           0.0417247 0.000493012765957447             0.010926           0.00063526  0.00962874886016423  0.00106513673796752
           0.0423506 0.000500408510638298            0.0102214          0.000603146    0.010199326455249 0.000999655005500118
           0.0429858 0.000507914893617021           0.00983316          0.000575465   0.0100550165148208 0.000938324687263585
           0.0436306 0.000515536170212766           0.00884319          0.000569523  0.00922624376122082 0.000880857295295862
           0.0442851 0.000523268085106383           0.00805927          0.000512346  0.00784819476687798 0.000827003682420356
           0.0449493 0.000531114893617021           0.00616266          0.000434273  0.00613750269777162 0.000776538634616553
           0.0449493 0.000532923404255319           0.00660213          0.000348291  0.00613740891032785 0.000776547420336766
           0.0456236  0.00054091914893617           0.00473411          0.000257551    0.004354930510854 0.000729231230782831
           0.0456236 0.000539085106382979           0.00456266          0.000380935  0.00435445908176054  0.00072922301760663
           0.0463079 0.000547170212765957           0.00290432          0.000279119  0.00276133542377553 0.000684869482301105
           0.0463079 0.000549034042553192           0.00291123          0.000167441  0.00276226976288727 0.000684877178254061
           0.0470025 0.000555378723404255           0.00166095          0.000214533  0.00157532566161431 0.000643276841616245
           0.0470025 0.000557268085106383           0.00145129          9.61617e-05  0.00157653794835851 0.000643284036222856
           0.0477076 0.000563706382978723           0.00100178           0.00016836 0.000932499473298676 0.000604264988383468
           0.0477076 0.000565625531914894          0.000846374          6.50337e-05 0.000933762943745678 0.000604271729424374
           0.0484232 0.000574110638297872          0.000840166          6.35102e-05 0.000865905936963606 0.000567682879732264
           0.0484232  0.00057216170212766           0.00152135          0.000205865 0.000864823390693582 0.000567676563693483
           0.0491495 0.000580744680851064           0.00142635          0.000203348  0.00129700833686318 0.000533353925159749
           0.0491495 0.000582723404255319           0.00121663          8.07084e-05  0.00129772029663088 0.000533359842564938
           0.0498868 0.000589455319148936             0.002266          0.000250604  0.00206523705816481 0.000501146319084643
           0.0498868 0.000591463829787234           0.00208356           0.00012072  0.00206546842099646 0.000501151862893591
           0.0506351 0.000600336170212766           0.00321267          0.000170146  0.00295189732604846 0.000470931394320382
           0.0513946 0.000609340425531915           0.00400557            0.0002046  0.00373213449532951 0.000442570721622138
           0.0521655  0.00061848085106383           0.00450792          0.000225503  0.00421943632483053 0.000415950965017019
            0.052948 0.000627757446808511           0.00463319          0.000229129  0.00430216214024623 0.000390961394749874
           0.0537422 0.000637174468085106            0.0039961           0.00019745  0.00396447985278747 0.000367501677225084
           0.0545484 0.000646731914893617           0.00346837          0.000173456  0.00328616607935949 0.000345472317596856
           0.0553666 0.000656434042553191            0.0024076          0.000126425  0.00242154705529547 0.000324788457802071
           0.0561971  0.00066628085106383           0.00157322          9.11343e-05  0.00156049831486164  0.00030536300036774
           0.0570401 0.000676272340425532          0.000867322          5.73947e-05 0.000881581881581276 0.000287117255644225
           0.0578957 0.000686417021276596          0.000483787          3.86187e-05 0.000507603350894855 0.000269979679889252
           0.0587641 0.000696714893617021          0.000445136           3.9752e-05 0.000475705261952801 0.000253881178648913
           0.0596456 0.000707165957446808          0.000746788          5.00334e-05 0.000731219948153298 0.000238755522230419
           0.0605402 0.000717774468085106           0.00112315          6.72601e-05  0.00114681518368796 0.000224545784570343
           0.0614483 0.000728540425531915           0.00170304          9.24621e-05  0.00156215705035771 0.000211192320480574
           0.0623701 0.000739468085106383           0.00183459          9.71779e-05  0.00183151701667284 0.000198642612966645
           0.0633056 0.000750557446808511           0.00194696          0.000101885  0.00186579591667273 0.000186849923449246
           0.0642552 0.000761817021276596           0.00154046          8.53522e-05  0.00165602501999971 0.000175765418733182
            0.065219 0.000773246808510638           0.00132554          7.87002e-05  0.00127110746326022 0.000165347010984534
           0.0661973 0.000784842553191489          0.000767266          5.11237e-05 0.000830921133280217  0.00015555307782735
           0.0671903 0.000796617021276596          0.000421062          3.52784e-05 0.000463747763859103 0.000146345735565577
           0.0681981 0.000808565957446808            0.0002618          2.76432e-05 0.000262315736008345 0.000137690277507377
           0.0692211 0.000820693617021277           0.00022432          2.73174e-05  0.00025397039532706 0.000129551657592469
           0.0702594 0.000833004255319149          0.000306935          3.04578e-05 0.000395886926643727 0.000121899486719878
           0.0713133 0.000845497872340426          0.000575748          4.08935e-05 0.000596270409222441 0.000114703754620592
            0.072383 0.000858182978723404          0.000763234          4.90026e-05 0.000752908690173933 0.000107937053546081
           0.0734688 0.000871055319148936          0.000842078          5.24924e-05 0.000793387710101691 0.000101573068304506
           0.0745708  0.00088411914893617          0.000591452          4.12928e-05 0.000700849570177974 9.55882634301577e-05
           0.0756893 0.000897382978723404          0.000480329          3.50898e-05 0.000515470132019749 8.99594309552199e-05
           0.0768247 0.000910842553191489          0.000342712           2.8378e-05 0.000312034932315179 8.46644155386096e-05
           0.0779771 0.000924506382978723          0.000205906          2.35035e-05 0.000164520980516932 7.96838507609186e-05
           0.0791467 0.000938374468085106            8.613e-05          1.51831e-05 0.000113645869481781 7.49990341268692e-05
           0.0803339 0.000952446808510638          0.000122893          1.68612e-05 0.000152245483711394 7.05916564605835e-05
           0.0815389 0.000966736170212766          0.000170309          2.11377e-05 0.000234144693719338 6.64453245565379e-05
            0.082762  0.00098123829787234          0.000267011          2.43641e-05 0.000300689937420506 6.25442962369427e-05
           0.0840034 0.000995953191489362          0.000258074          2.55822e-05 0.000310683178343546 5.88741085559499e-05
           0.0852635  0.00101089361702128          0.000234044          2.32683e-05 0.000258429060592949 5.54206144529978e-05
           0.0865424  0.00102605957446809          0.000205431          2.19967e-05 0.000171654151749026 5.21713460880298e-05
           0.0878406  0.00104144680851064           9.3934e-05          1.45619e-05 9.21768760505564e-05 4.91135879953998e-05
           0.0891582  0.00105707234042553          6.89916e-05          1.46579e-05 5.14879238871955e-05 4.62363640973254e-05
           0.0891582  0.00105509361702128           4.9991e-05          3.48632e-06 5.14322885824474e-05 4.62360997613979e-05
           0.0904956  0.00107091914893617          6.93506e-05          4.51794e-06 5.50726333194338e-05 4.35284389247449e-05
           0.0904956  0.00107292765957447          5.68939e-05          1.17567e-05 5.51034563242518e-05 4.35286875856184e-05
            0.091853  0.00108902127659574          3.93316e-05          1.25343e-05 8.36973258336541e-05 4.09806570484764e-05
            0.091853   0.0010869829787234          0.000100177          6.09711e-06 8.37029602033843e-05 4.09804231788279e-05
           0.0932308  0.00110535744680851           7.8711e-05          1.39934e-05  0.00010831716648921 3.85825988614751e-05
           0.0932308  0.00110328936170213          0.000119546          7.07068e-06 0.000108347628118861 3.85823789347067e-05
           0.0946292  0.00112193617021277          8.37204e-05          1.61624e-05 0.000108927980903562 3.63257793143043e-05
           0.0946292  0.00111983829787234          0.000116787          6.80196e-06 0.000108959028158991  3.6325572538733e-05
           0.0960487  0.00113876595744681          6.08378e-05          1.32788e-05 8.46403791181555e-05 3.42015258801364e-05
           0.0960487  0.00113663829787234          8.43601e-05          5.09073e-06 8.46521310361645e-05  3.4201331492188e-05
           0.0974894  0.00115584680851064          4.39134e-05          1.27779e-05  5.0504846670356e-05 3.22022911417213e-05
           0.0974894  0.00115368510638298           4.6122e-05           3.1382e-06 5.04934435247453e-05 3.22021080836401e-05
           0.0989518   0.0011731829787234          3.45845e-05          1.20024e-05 2.49113682457873e-05 3.03204245829618e-05
           0.0989518   0.0011709914893617          2.32874e-05          1.97088e-06 2.48885004499542e-05 3.03202525442041e-05
            0.100436  0.00118855744680851          2.02292e-05          1.73327e-06 1.72049985177405e-05 2.85490903185674e-05
            0.101943   0.0012063829787234          2.74848e-05          2.13005e-06 2.36588516319907e-05 2.68813277590933e-05
            0.103472  0.00122448085106383          3.83772e-05            2.631e-06  3.2722886312968e-05 2.53120620208329e-05
            0.105024  0.00124284680851064          3.71689e-05          2.55283e-06 3.45842203804748e-05 2.38347725250778e-05
            0.106599  0.00126148936170213          2.85354e-05          1.99319e-06  2.7288971566795e-05 2.24443310760215e-05
            0.108198  0.00128041276595745          1.36119e-05          1.38858e-06 1.60348049851436e-05 2.11350602087341e-05
            0.109821   0.0012996170212766          6.08703e-06          1.06551e-06 7.67722116647634e-06 1.99024767732284e-05
            0.111468  0.00131911489361702          5.03869e-06          9.99813e-07 5.46636234812289e-06 1.87423103008617e-05
             0.11314  0.00133889787234043          6.96408e-06          1.18853e-06 7.71988578902387e-06 1.76498571835954e-05
            0.114838   0.0013589829787234          1.02793e-05          1.25778e-06 1.03456207956555e-05 1.66207895806831e-05
             0.11656  0.00137936595744681          1.23793e-05          1.27689e-06 1.03692280144158e-05 1.56527502021773e-05
            0.118309  0.00140005957446809          7.07908e-06           1.0925e-06 7.72529815439115e-06   1.474070715762e-05
            0.120083  0.00142105957446808          3.82839e-06          1.03126e-06 4.51336852855306e-06 1.38825748236797e-05
            0.121884  0.00144237446808511          2.73812e-06           9.5651e-07 2.88970124081417e-06  1.3074401076187e-05
            0.123713  0.00146401276595745           4.5427e-06          8.56268e-07  3.3984080144359e-06 1.23130348656916e-05
            0.125568  0.00148597021276596          2.14806e-06          1.05702e-06 4.82747604261635e-06 1.15966874007781e-05
            0.127452  0.00150825957446809          5.59503e-06          1.08018e-06 5.50604692813973e-06 1.09217391726064e-05
            0.129364  0.00153088510638298          3.96555e-06          1.21149e-06 4.82813470003667e-06 1.02862785258301e-05
            0.131304  0.00155384680851064          4.08979e-06          1.07456e-06 3.64675833865736e-06 9.68810446721656e-06
            0.133274  0.00157715744680851          4.26602e-06          8.81041e-07 3.19819878838876e-06 9.12456682160707e-06
            0.135273  0.00160081276595745          4.84185e-06          1.03017e-06 3.74354855953384e-06 8.59404189797639e-06
            0.137302  0.00162482553191489          6.16787e-06          1.04585e-06 4.41785045959357e-06  8.0944431251975e-06
            0.139361  0.00164919574468085          7.26867e-06          1.08408e-06 4.38157663348851e-06 7.62406067859514e-06
            0.141452  0.00167393617021277          3.61248e-06          1.02706e-06 3.78862197306856e-06 7.18085366509782e-06
            0.143574  0.00169904255319149          2.91265e-06          9.99121e-07 3.40225880159772e-06 6.76354486577052e-06
            0.145727  0.00172453191489362          2.76712e-06          9.55121e-07 3.51334504568439e-06 6.37069311521889e-06
            0.147913            0.0017504          4.37217e-06          9.65768e-07 3.67262939464549e-06 6.00059727889125e-06
            0.150132  0.00177665531914894          3.80849e-06          9.76389e-07 3.45664423331653e-06 5.65201847792795e-06
            0.152384  0.00180330212765957          4.67133e-06          9.63426e-07  3.0313427721608e-06 5.32377404249173e-06
             0.15467  0.00183035319148936           2.7281e-06          9.77886e-07 2.76763693997997e-06 5.01460451267264e-06
             0.15699   0.0018578085106383          2.61803e-06          9.58658e-07 2.66757583314285e-06 4.72346205365601e-06
            0.159344  0.00188567659574468           4.5296e-06          8.85674e-07 2.47979270146726e-06 4.44934747897022e-06
            0.161735  0.00191396170212766          3.10228e-06          9.57715e-07 2.15452491110881e-06 4.19099440916859e-06
            0.164161  0.00194267234042553           2.6501e-06           9.4708e-07 1.85827574590321e-06 3.94775514635233e-06
            0.166623   0.0019718085106383          1.14608e-06          9.30659e-07 1.65269029522711e-06 3.71869423481619e-06
            0.169122  0.00200138723404255          2.67516e-06          9.17077e-07  1.4449212109354e-06 3.50294194868222e-06
            0.171659   0.0020314085106383           5.4897e-07          9.35956e-07 1.19908342040952e-06 3.29968892829543e-06
            0.174234  0.00206188085106383          1.05325e-06          9.26169e-07 9.77485796750862e-07 3.10825315113659e-06
            0.176848   0.0020928085106383          2.18602e-06          9.37858e-07 8.04235035641494e-07 2.92791687620544e-06
              0.1795            0.0021242         -4.46913e-08          9.24164e-07 6.45343893823398e-07 2.75813526424867e-06
            0.182193  0.00215606382978723          1.69135e-06          8.41976e-07 4.93301076736841e-07  2.5981437639618e-06
            0.184926  0.00218840425531915         -7.60578e-08          9.43476e-07  3.6941702936816e-07 2.44746788942674e-06
              0.1877  0.00222122978723404          1.23235e-06          8.91275e-07  2.7392149560505e-07 2.30554272992642e-06
            0.190515  0.00225454893617021          6.29617e-07          8.79814e-07 1.94962941611625e-07 2.17333861952494e-06
            0.193373  0.00228836595744681         -3.29333e-07          9.31875e-07 1.37743791803312e-07 2.06457647907212e-06
            0.196273  0.00232269361702128          6.33626e-07          9.41593e-07 1.08980745253136e-07 2.00034876811703e-06
