# Experiment IPTS-30384 Run 206961
# Reduction 2.0.10
# Run title: Expt1_Cell1_Cu-A_BF4_EtOH_ramp_OCV5-206961-1.
# Run start time: 2023-07-13T00:25:42.144177667
# Reduction time: Thu Jul 13 10:18:44 2023
# Q summing: False
# TOF weighted: False
# Bck in Q: False
# DataRun   NormRun   TwoTheta(deg)  LambdaMin(A)   LambdaMax(A) Qmin(1/A)    Qmax(1/A)    SF_A         SF_B
# 206961    205740    0.0209573      13.1015        16.4518      0.005        0.0100       1            0           
# 206962    205741    0.020946       10.5264        13.8767      0.005        0.0125       1            0           
# 206963    205742    0.0209403      7.91981        11.2701      0.005        0.0166       1.1158       -3.487      
# 206964    205743    0.0209686      5.26297        8.61328      0.005        0.0250       7.8759       3.3823      
# 206965    205744    0.020946       2.51156        5.86187      0.005        0.0523       33.600       0.0003      
# 206966    205744    0.0413072      2.51156        5.86187      0.005        0.1033       129.02       0.0022      
# 206967    205744    0.081769       2.51156        5.86187      0.005        0.2045       443.75       0.0120      
# dQ0[1/Angstrom] = 0
# dQ/Q = 0.0277994
# Q [1/Angstrom]        R                     dR                    dQ [FWHM]            
  0.0079921268598835    0.8628781824017668    0.0785240895048071    0.0002219808430957
  0.0081120087627818    1.0384989490105996    0.0797217413172535    0.0002253105557421
  0.0082336888942235    0.9898791251556438    0.0734252726316419    0.0002286902140783
  0.0083571942276368    1.0448741176994605    0.0721469561952423    0.0002321205672894
  0.0084825521410514    1.0464555968726446    0.0693395820094279    0.0002356023757988
  0.0086097904231672    0.9980208410064972    0.0637859447616949    0.0002391364114358
  0.0087389372795147    1.0281197130784674    0.0615724614377754    0.0002427234576073
  0.0088700213387074    1.0062212621802151    0.0580131154753927    0.0002463643094714
  0.0090030716587880    1.0358938127465327    0.0562747152510670    0.0002500597741135
  0.0091381177336698    1.1034442488023213    0.0550455454732578    0.0002538106707252
  0.0092751894996749    0.9824454124661439    0.0496916780080672    0.0002576178307861
  0.0094143173421700    0.9778338597090118    0.0476626027295013    0.0002614820982478
  0.0095555321023025    1.0004741473340644    0.0509296955080624    0.0002655478996094
  0.0096988650838371    1.0819773887297084    0.0904894584596578    0.0002695311181036
  0.0098443480600946    1.0299514013462436    0.0843201793253128    0.0002735740848751
  0.0099920132809960    1.0579239406403771    0.0808601707734736    0.0002776776961483
  0.0101418934802110    0.9614166670579918    0.0751303729854536    0.0002818428615905
  0.0102940218824141    0.9651538884113847    0.0721043283581759    0.0002860705045143
  0.0104484322106503    0.9236317698665670    0.0681498446624901    0.0002903615620821
  0.0106051586938101    0.9947628132509667    0.0674382553851210    0.0002947169855133
  0.0107642360742173    0.8900977826410797    0.0590595894440355    0.0002991377402960
  0.0109256996153305    0.8353854375498313    0.0550168403428266    0.0003036248064004
  0.0110895851095605    0.7449030510764983    0.0511232379605251    0.0003081791784964
  0.0112559288862039    0.8075072123611717    0.0519091680671799    0.0003128018661739
  0.0114247678194969    0.9240695750762329    0.0522378934447559    0.0003174938941665
  0.0115961393367894    0.9019375984127053    0.0480671613631371    0.0003222563025790
  0.0117700814268412    0.9215255809207531    0.0641080624668220    0.0003271786404003
  0.0119466326482438    0.9972041800563236    0.0676577784191698    0.0003319964993244
  0.0121258321379675    1.0862151443975563    0.1247718949938040    0.0003370676148064
  0.0123077196200370    0.9428176984034653    0.1054268383162636    0.0003421236290285
  0.0124923354143376    1.0668306313622844    0.1140990147523183    0.0003472554834639
  0.0126797204455526    0.9735931620195002    0.1031262857971835    0.0003524643157159
  0.0128699162522359    0.9257118440769294    0.0955944964069382    0.0003577512804516
  0.0130629649960195    0.9055876019212667    0.0919735275352998    0.0003631175496584
  0.0132589094709597    1.0953426095052110    0.1026242911031189    0.0003685643129033
  0.0134577931130241    0.8588210955731543    0.0857919644092522    0.0003740927775968
  0.0136596600097195    0.9327982061385857    0.0866136360607405    0.0003797041692608
  0.0138645549098653    0.9968242809131211    0.0898853503825877    0.0003853997317997
  0.0140725232335133    0.9014460112266865    0.0822681823897296    0.0003911807277767
  0.0142836110820160    0.9557756509222575    0.0828302686701456    0.0003970484386933
  0.0144978652482462    0.9349810161347745    0.0798129306314530    0.0004030041652737
  0.0147153332269699    0.8754391715731673    0.0740893868804714    0.0004090492277528
  0.0149360632253744    0.7915538039363847    0.0681612037753000    0.0004151849661691
  0.0151601041737551    0.7668941564695761    0.0638887952018183    0.0004214127406617
  0.0153875057363614    0.7618692430235572    0.0434578094581248    0.0004277339317716
  0.0156183183224068    0.7486087902773044    0.0415315390167986    0.0004341499407482
  0.0158525930972429    0.6562543476915430    0.0370116092430800    0.0004406621898594
  0.0160903819937015    0.5670682451205269    0.0446518500957676    0.0004466678992387
  0.0163317377236071    0.4888934707420143    0.0393742300571156    0.0004533679177273
  0.0165767137894612    0.3929464720354413    0.0329484674494960    0.0004601684364932
  0.0168253644963031    0.3516849708011938    0.0292369205072231    0.0004670709630406
  0.0170777449637476    0.2489789344299672    0.0239315166374864    0.0004740770274862
  0.0173339111382038    0.1774279564513156    0.0185069074607235    0.0004811881828985
  0.0175939198052769    0.1171629765971967    0.0132739064112129    0.0004884060056419
  0.0178578286023560    0.0688520642114864    0.0108085775747492    0.0004957320957266
  0.0181256960313914    0.0533251050563589    0.0079910936447468    0.0005031680771625
  0.0183975814718623    0.0261293178562934    0.0059247393433671    0.0005107155983199
  0.0186735451939402    0.0214396971830640    0.0058012942327826    0.0005183763322947
  0.0189536483718493    0.0313793493304676    0.0055187300770232    0.0005261519772791
  0.0192379530974270    0.0368417202998424    0.0058316818289750    0.0005340442569383
  0.0195265223938884    0.0649044505970355    0.0078955688124605    0.0005420549207924
  0.0198194202297968    0.0599921625656838    0.0076474907254962    0.0005501857446043
  0.0201167115332437    0.0683392979396138    0.0082751294598373    0.0005584385307733
  0.0204184622062424    0.0838352074295492    0.0090189159436824    0.0005668151087349
  0.0207247391393360    0.0926526945974885    0.0088534063293955    0.0005753173353660
  0.0210356102264260    0.1017408204321796    0.0091637030383469    0.0005839470953964
  0.0213511443798224    0.0970005730455123    0.0087422126783655    0.0005927063018274
  0.0216714115455197    0.1116294488462215    0.0093634771578987    0.0006015968963548
  0.0219964827187025    0.0949330714472459    0.0083152892390926    0.0006106208498001
  0.0223264299594831    0.1097329313625835    0.0089764936527500    0.0006197801625471
  0.0226613264088753    0.0931788970174781    0.0045367451985486    0.0006290768649853
  0.0230012463050085    0.0971614654693816    0.0046517251294237    0.0006385130179601
  0.0233462649995836    0.0805609754971723    0.0039554456186018    0.0006480907132295
  0.0236964589745773    0.0785297115774655    0.0039332571907815    0.0006578120739280
  0.0240519058591960    0.0665022993504108    0.0033534623303134    0.0006676792550369
  0.0244126844470839    0.0599929681973099    0.0028783384222022    0.0006784276384974
  0.0247788747137902    0.0538081663639104    0.0026259791110514    0.0006886040530749
  0.0251505578344970    0.0421724396424010    0.0021216759101831    0.0006989331138710
  0.0255278162020145    0.0381783541653571    0.0019641978558279    0.0007094171105791
  0.0259107334450447    0.0286732729848335    0.0015606928046004    0.0007200583672377
  0.0262993944467204    0.0217305128982042    0.0012374968170348    0.0007308592427463
  0.0266938853634212    0.0140818726605630    0.0009303986399315    0.0007418221313875
  0.0270942936438725    0.0099070809737912    0.0007246967566525    0.0007529494633583
  0.0275007080485306    0.0082571455346950    0.0006217984358822    0.0007642437053087
  0.0279132186692585    0.0092746123017373    0.0006727159029721    0.0007757073608883
  0.0283319169492974    0.0098167175008427    0.0007012218919994    0.0007873429713016
  0.0287568957035369    0.0125061121666044    0.0008020589595751    0.0007991531158712
  0.0291882491390899    0.0179916437977339    0.0010199920844842    0.0008111404126092
  0.0296260728761763    0.0214794561305159    0.0011441118547982    0.0008233075187984
  0.0300704639693189    0.0269526896112798    0.0013420622848857    0.0008356571315804
  0.0305215209288587    0.0270838840552854    0.0013325347362643    0.0008481919885541
  0.0309793437427915    0.0318830764602848    0.0015144327431880    0.0008609148683824
  0.0314440338989334    0.0338022227837512    0.0015691748313515    0.0008738285914081
  0.0319156944074174    0.0321721247851819    0.0014961712220756    0.0008869360202792
  0.0323944298235287    0.0310900341452480    0.0014781412338066    0.0009002400605834
  0.0328803462708816    0.0304636104676109    0.0014864056309231    0.0009137436614922
  0.0333735514649448    0.0270511568719238    0.0013343912329483    0.0009274498164145
  0.0338741547369190    0.0234117230000808    0.0011933259007385    0.0009413615636608
  0.0343822670579728    0.0177632194773816    0.0009687684613532    0.0009554819871157
  0.0348980010638424    0.0133817330961650    0.0008025285949017    0.0009698142169224
  0.0354214710798000    0.0097389872148755    0.0006465091918594    0.0009843614301762
  0.0359527931459970    0.0065186950710856    0.0004875162221416    0.0009991268516289
  0.0364920850431869    0.0044754430529495    0.0004073310253934    0.0010141137544033
  0.0370394663188347    0.0039783648787648    0.0003754887284833    0.0010293254607194
  0.0375950583136173    0.0051534068608626    0.0004202813566926    0.0010447653426302
  0.0381589841883215    0.0058539768963002    0.0004653518314594    0.0010604368227696
  0.0387313689511463    0.0079826061621771    0.0005527427385312    0.0010763433751112
  0.0393123394854135    0.0085697811281000    0.0005591652856366    0.0010924885257378
  0.0399020245776947    0.0123666475475370    0.0007215992042441    0.0011088758536239
  0.0405005549463601    0.0109908642451860    0.0006541161904581    0.0011255089914283
  0.0411080632705555    0.0118109767341546    0.0006966860401585    0.0011423916262997
  0.0417246842196139    0.0122235712774774    0.0007147673106357    0.0011595275006942
  0.0423505544829081    0.0126851229577411    0.0007210745438099    0.0011769204132046
  0.0429858128001517    0.0113334948196706    0.0006572909428386    0.0011945742194027
  0.0436305999921540    0.0092649941866778    0.0005910358796245    0.0012124928326937
  0.0442850589920363    0.0068426127454401    0.0005002602815267    0.0012306802251841
  0.0449493348769168    0.0057925313579378    0.0002739688598575    0.0012491404285619
  0.0456235749000706    0.0044033424813300    0.0002253966966431    0.0012693406633392
  0.0463079285235716    0.0026843866276543    0.0001603775682793    0.0012868956980151
  0.0470025474514252    0.0021937839118272    0.0001455624255191    0.0013061991334854
  0.0477075856631966    0.0024861807683247    0.0001674673308126    0.0013257921204877
  0.0484231994481445    0.0026647906262602    0.0001726212134529    0.0013472319133944
  0.0491495474398667    0.0034367754741404    0.0001972670091669    0.0013658641873294
  0.0498867906514647    0.0046019204482450    0.0002405089007956    0.0013863521501393
  0.0506350925112366    0.0051546639786019    0.0002673709600618    0.0014087712779464
  0.0513946188989052    0.0057920618879275    0.0002940469671087    0.0014299028471156
  0.0521655381823887    0.0059731525200530    0.0002998413244620    0.0014513513898223
  0.0529480212551246    0.0057616062417232    0.0002884536239888    0.0014731216606696
  0.0537422415739514    0.0047130086456164    0.0002370917880562    0.0014952184855797
  0.0545483751975607    0.0037596064690353    0.0001947185095917    0.0015176467628634
  0.0553666008255241    0.0028236966748924    0.0001538767615679    0.0015404114643063
  0.0561970998379070    0.0021164518612622    0.0001215122578966    0.0015635176362709
  0.0570400563354756    0.0014277259405532    0.0000895615466626    0.0015869704008150
  0.0578956571805077    0.0010959179895790    0.0000732777062524    0.0016107749568272
  0.0587640920382153    0.0013537017929151    0.0000875661777376    0.0016349365811796
  0.0596455534187885    0.0017584205787202    0.0001013187000705    0.0016594606298973
  0.0605402367200703    0.0021240888958279    0.0001174274735965    0.0016843525393458
  0.0614483402708714    0.0027061604262771    0.0001432796504017    0.0017096178274360
  0.0623700653749344    0.0027627618347704    0.0001441784214687    0.0017352620948475
  0.0633056163555585    0.0024815454225877    0.0001317553535047    0.0017612910262702
  0.0642552006008918    0.0020550983060480    0.0001150478943142    0.0017877103916643
  0.0652190286099052    0.0015214736965052    0.0000946728686576    0.0018145260475392
  0.0661973140390538    0.0010466213962524    0.0000703900998002    0.0018417439382523
  0.0671902737496396    0.0008092664805275    0.0000582791711926    0.0018693700973261
  0.0681981278558842    0.0006548445685103    0.0000523481660657    0.0018974106487860
  0.0692210997737224    0.0007038667165914    0.0000534389271125    0.0019258718085178
  0.0702594162703283    0.0008048329952403    0.0000588272851307    0.0019547598856455
  0.0713133075143832    0.0010555610955735    0.0000671531439007    0.0019840812839302
  0.0723830071270989    0.0012509030190198    0.0000758212855522    0.0020138425031892
  0.0734687522340054    0.0011012336652467    0.0000698171992259    0.0020440501407370
  0.0745707835175154    0.0009682808951123    0.0000620592649913    0.0020747108928481
  0.0756893452702782    0.0006567708682082    0.0000478089161095    0.0021058315562408
  0.0768246854493324    0.0004599605270483    0.0000394586847734    0.0021374190295844
  0.0779770557310723    0.0002993099226370    0.0000326566039561    0.0021694803150282
  0.0791467115670384    0.0002541121945302    0.0000290236179876    0.0022020225197536
  0.0803339122405440    0.0002831730441028    0.0000297624446039    0.0022350528575499
  0.0815389209241521    0.0004181646633366    0.0000381919907416    0.0022685786504131
  0.0827620047380144    0.0004570067586414    0.0000409548444028    0.0023026073301693
  0.0840034348090846    0.0004903253109366    0.0000406460507252    0.0023371464401219
  0.0852634863312209    0.0003737087967949    0.0000337693861599    0.0023722036367237
  0.0865424386261892    0.0002981682488960    0.0000317129302389    0.0024077866912746
  0.0878405752055820    0.0001080466133948    0.0000194812582646    0.0024439034916437
  0.0891581838336657    0.0000855992414087    0.0000111333801664    0.0024805620440183
  0.0904955565911707    0.0001092895679104    0.0000111712168835    0.0025157189494321
  0.0918529899400382    0.0001388288828547    0.0000117481459537    0.0025555370317988
  0.0932307847891388    0.0001703623126451    0.0000120110019875    0.0025938700872758
  0.0946292465609759    0.0001557817726601    0.0000118686693573    0.0026327781385849
  0.0960486852593905    0.0001078386207041    0.0000099581860063    0.0026722698106637
  0.0974894155382814    0.0000839623059050    0.0000086591082006    0.0027123538578236
  0.0989517567713556    0.0000296255532667    0.0000059301931095    0.0027530391656910
  0.1004360331229259    0.0000207071963378    0.0000018942328322    0.0027920578783178
  0.1019425736197698    0.0000322555110767    0.0000023991059102    0.0028339387464925
  0.1034717122240663    0.0000472955784583    0.0000030484375086    0.0028764478276899
  0.1050237879074273    0.0000504728087793    0.0000032248558680    0.0029195945451053
  0.1065991447260387    0.0000354259340078    0.0000023955046560    0.0029633884632819
  0.1081981318969293    0.0000199156712440    0.0000017411723071    0.0030078392902311
  0.1098211038753832    0.0000079202066188    0.0000011776636047    0.0030529568795846
  0.1114684204335139    0.0000023375077002    0.0000011407540145    0.0030987512327783
  0.1131404467400166    0.0000048052388401    0.0000011563854047    0.0031452325012700
  0.1148375534411168    0.0000101553721186    0.0000013065916431    0.0031924109887890
  0.1165601167427336    0.0000110025714889    0.0000012918762270    0.0032402971536209
  0.1183085184938746    0.0000070493266625    0.0000011489087591    0.0032889016109252
  0.1200831462712827    0.0000062705255702    0.0000010798711204    0.0033382351350891
  0.1218843934653519    0.0000034128815582    0.0000010535574350    0.0033883086621154
  0.1237126593673322    0.0000024382533677    0.0000010213843958    0.0034391332920471
  0.1255683492578422    0.0000019861514401    0.0000010438835230    0.0034907202914278
  0.1274518744967098    0.0000039652433275    0.0000011154715665    0.0035430810957993
  0.1293636526141604    0.0000065760857136    0.0000013360769331    0.0035962273122362
  0.1313041074033728    0.0000063902041643    0.0000011203980276    0.0036501707219198
  0.1332736690144234    0.0000062899806608    0.0000011521007974    0.0037049232827486
  0.1352727740496397    0.0000048309213466    0.0000011271181109    0.0037604971319898
  0.1373018656603843    0.0000058941901275    0.0000011295244877    0.0038169045889697
  0.1393613936452901    0.0000095136832950    0.0000013041529290    0.0038741581578042
  0.1414518145499694    0.0000100542284577    0.0000011994539014    0.0039322705301713
  0.1435735917682189    0.0000088246710370    0.0000011768616789    0.0039912545881238
  0.1457271956447422    0.0000071341003570    0.0000011193542927    0.0040511234069457
  0.1479131035794133    0.0000084386264652    0.0000011382529741    0.0041118902580499
  0.1501318001331045    0.0000075991481264    0.0000011962711971    0.0041735686119206
  0.1523837771351011    0.0000081615847088    0.0000011797286976    0.0042361721410994
  0.1546695337921276    0.0000073155502556    0.0000012412979194    0.0042997147232159
  0.1569895767990095    0.0000051067677301    0.0000010735798157    0.0043642104440642
  0.1593444204509946    0.0000067147109924    0.0000010914192089    0.0044296736007251
  0.1617345867577595    0.0000066152926510    0.0000011242152497    0.0044961187047360
  0.1641606055591259    0.0000067874010216    0.0000010464132052    0.0045635604853070
  0.1666230146425127    0.0000043417488236    0.0000010431519519    0.0046320138925867
  0.1691223598621504    0.0000040051280172    0.0000011012792012    0.0047014941009755
  0.1716591952600827    0.0000038061518720    0.0000010512348059    0.0047720165124901
  0.1742340831889839    0.0000039621972938    0.0000011122279184    0.0048435967601774
  0.1768475944368186    0.0000037934243945    0.0000009837973704    0.0049162507115801
  0.1795003083533709    0.0000024924272655    0.0000010302430202    0.0049899944722538
  0.1821928129786714    0.0000014359405344    0.0000009632483733    0.0050648443893376
  0.1849257051733515    0.0000017304881478    0.0000010188756582    0.0051408170551777
  0.1876995907509517    0.0000001280300404    0.0000010667523263    0.0052179293110053
  0.1905150846122160    0.0000013112832450    0.0000010048316030    0.0052961982506704
  0.1933728108813992    0.0000021641066163    0.0000010218988926    0.0053756412244305
