# Experiment IPTS-30384 Run 207276
# Reduction 2.0.12
# Run title: Exp11_Cu-k_BF4_dTHF_EtOH_rep4_OCV2-207276-1.
# Run start time: 2023-07-17T12:49:26.799444667
# Reduction time: Mon Jul 17 08:51:40 2023
# Q summing: False
# TOF weighted: False
# Bck in Q: False
# DataRun   NormRun   TwoTheta(deg)  LambdaMin(A)   LambdaMax(A) Qmin(1/A)    Qmax(1/A)    SF_A         SF_B
# 207276    205740    0.0209573      13.1015        16.4518      0.005        0.0100       1            0           
# 207277    205741    0.020946       10.5264        13.8767      0.005        0.0125       1            0           
# 207278    205742    0.0209403      7.91981        11.2701      0.005        0.0166       1.1158       -3.487      
# 207279    205743    0.0209516      5.26297        8.61328      0.005        0.0250       7.8759       3.3823      
# 207280    205744    0.0209403      2.51156        5.86187      0.005        0.0523       33.600       0.0003      
# 207281    205744    0.0412902      2.51156        5.86187      0.005        0.1032       129.02       0.0022      
# dQ0[1/Angstrom] = 0
# dQ/Q = 0.0278334
# Q [1/Angstrom]        R                     dR                    dQ [FWHM]            
  0.0079921268598835    1.1884673379019060    0.0965218656239238    0.0002225492363834
  0.0081120087627818    0.8305358244126790    0.0746338497902755    0.0002258874749291
  0.0082336888942235    1.0614763566037897    0.0796146244361770    0.0002292757870531
  0.0083571942276368    1.2601905008297170    0.0829698399323068    0.0002327149238589
  0.0084825521410514    1.1423294156122776    0.0758586781208681    0.0002362056477167
  0.0086097904231672    1.2818433886987233    0.0756992023249380    0.0002397487324325
  0.0087389372795147    0.9616033886378552    0.0623492373019774    0.0002433449634190
  0.0088700213387074    1.1435657335112555    0.0647595793703021    0.0002469951378703
  0.0090030716587880    1.0319194596765089    0.0588111143010408    0.0002507000649383
  0.0091381177336698    1.1797499139575605    0.0595977168227605    0.0002544605659124
  0.0092751894996749    1.1350328542469224    0.0559276862372317    0.0002582774744011
  0.0094143173421700    1.0695763985198274    0.0521964262412769    0.0002621516365171
  0.0095555321023025    1.0996020582942361    0.0504584845147163    0.0002660839110648
  0.0095555321023025    0.9939454193290642    0.0965510632835391    0.0002655469589325
  0.0096988650838371    0.9600499007669450    0.0926882601378474    0.0002695301633165
  0.0098443480600946    1.1192046602189560    0.0931993699321535    0.0002735731157662
  0.0099920132809960    1.0671157240499907    0.0846328367350558    0.0002776767125027
  0.0101418934802110    0.9808530310917815    0.0777903819896107    0.0002818418631902
  0.0102940218824141    1.0603192041527412    0.0788165382537495    0.0002860694911381
  0.0104484322106503    0.9733041099580545    0.0754066254434160    0.0002903605335052
  0.0106051586938101    1.1901648012194559    0.0771262691631545    0.0002947159415077
  0.0107642360742173    1.0123414452004089    0.0667317478225536    0.0002991366806304
  0.0109256996153305    0.9496658802080106    0.0614114191017225    0.0003036237308398
  0.0110895851095605    1.0190645406847498    0.0616633517932659    0.0003081780868024
  0.0112559288862039    1.0303788935349121    0.0600817957361699    0.0003128007581045
  0.0114247678194969    1.0250417336633140    0.0583187763524691    0.0003174927694760
  0.0115961393367894    1.0438859373341509    0.0552196376170166    0.0003222551610182
  0.0117700814268412    1.0628113709893019    0.0531352407834752    0.0003270889884334
  0.0117700814268412    1.1549407398692229    0.1366381443824621    0.0003271774814026
  0.0119466326482438    1.0558889419341151    0.0514471406126486    0.0003319953232599
  0.0119466326482438    1.0763627392136512    0.1269428546436406    0.0003320851436236
  0.0121258321379675    1.0780883031450705    0.1225151959112144    0.0003370664207780
  0.0123077196200370    1.0291805186088725    0.1184671749200151    0.0003421224170896
  0.0124923354143376    1.0767456526823980    0.1139465331303650    0.0003472542533460
  0.0126797204455526    1.0739686297329492    0.1097029085109954    0.0003524630671462
  0.0128699162522359    1.0334538678821641    0.1048185126350808    0.0003577500131534
  0.0130629649960195    0.8840860989191742    0.0918275235361132    0.0003631162633507
  0.0132589094709597    0.8915450092119642    0.0896350892652596    0.0003685630073009
  0.0134577931130241    0.9908875943746677    0.0954150031057534    0.0003740914524104
  0.0136596600097195    1.0598758907649068    0.0970339601213946    0.0003797028241966
  0.0138645549098653    0.8480374429644467    0.0798639834005467    0.0003853983665595
  0.0140725232335133    0.8843981428171177    0.0811987473071480    0.0003911793420579
  0.0142836110820160    0.9613987916163901    0.0842347620071246    0.0003970470321888
  0.0144978652482462    0.8864585817587970    0.0772500128386094    0.0004030027376716
  0.0147153332269699    0.9529707276191867    0.0803072556011977    0.0004090477787367
  0.0149360632253744    0.9310395528430319    0.0772010768222776    0.0004151834954178
  0.0151601041737551    0.8573061258547285    0.0703626636792105    0.0004214112478490
  0.0153875057363614    0.8022402489124985    0.0657139902387723    0.0004277324165668
  0.0153875057363614    0.7856935601533028    0.0626480302792650    0.0004275010982232
  0.0156183183224068    0.7882919116578352    0.0631611079821684    0.0004341484028153
  0.0156183183224068    0.8103545142094997    0.0617134032797216    0.0004339136146966
  0.0158525930972429    0.7653935678797743    0.0609959346471987    0.0004406606288575
  0.0158525930972429    0.7220770756260730    0.0546180133872736    0.0004404223189170
  0.0160903819937015    0.7003120246341598    0.0525411130774451    0.0004470286537008
  0.0163317377236071    0.6374308080133577    0.0477541991961682    0.0004537340835063
  0.0165767137894612    0.5658905785665315    0.0429483855263201    0.0004605400947589
  0.0168253644963031    0.4616886600024007    0.0364281193025790    0.0004674481961803
  0.0170777449637476    0.4068422135729693    0.0322954360262546    0.0004744599191230
  0.0173339111382038    0.2881723800587884    0.0254084316658680    0.0004815768179098
  0.0175939198052769    0.2371614037592594    0.0210039054365108    0.0004888004701785
  0.0178578286023560    0.1456309351249671    0.0163439284959870    0.0004961324772312
  0.0181256960313914    0.1201375511260839    0.0142928470102498    0.0005035744643896
  0.0183975814718623    0.0558679785222939    0.0096118704317011    0.0005111280813555
  0.0186735451939402    0.0202780986393348    0.0058386948743965    0.0005187950025758
  0.0189536483718493    0.0166950041136156    0.0047222468125589    0.0005265769276144
  0.0192379530974270    0.0084668514384767    0.0049053709343171    0.0005344755815287
  0.0195265223938884    0.0126922911258159    0.0040315871117426    0.0005424927152516
  0.0198194202297968    0.0274442208490470    0.0048847241480479    0.0005506301059804
  0.0201167115332437    0.0350942610297297    0.0063184074937225    0.0005588895575701
  0.0204184622062424    0.0557377883970233    0.0068337861406909    0.0005672729009336
  0.0207247391393360    0.0680468945000496    0.0074807687430570    0.0005757819944476
  0.0210356102264260    0.0695028180460846    0.0077778516171739    0.0005844187243643
  0.0213511443798224    0.0946839659277089    0.0089443338286416    0.0005931850052298
  0.0216714115455197    0.0990608009080077    0.0088360711780844    0.0006020827803082
  0.0219964827187025    0.1160235728954964    0.0096000034907151    0.0006111140220129
  0.0223264299594831    0.1067583899771104    0.0090987596701604    0.0006202807323431
  0.0226613264088753    0.1044348908519541    0.0090264397477816    0.0006295849433282
  0.0226613264088753    0.0999395990651712    0.0047017029962666    0.0006299256080582
  0.0230012463050085    0.1010660501768402    0.0047102602425634    0.0006393744921791
  0.0230012463050085    0.0915422421466037    0.0077953242955778    0.0006390287174781
  0.0233462649995836    0.0899322042212949    0.0041623332769878    0.0006489651095618
  0.0233462649995836    0.0827619506653460    0.0072208332347413    0.0006486141482403
  0.0236964589745773    0.0725309785078564    0.0068819832827660    0.0006583433604639
  0.0236964589745773    0.0810395490277087    0.0037650564597639    0.0006586995862052
  0.0240519058591960    0.0752314429876904    0.0064662558697314    0.0006682185108709
  0.0240519058591960    0.0677895505410205    0.0031727787352674    0.0006685800799983
  0.0244126844470839    0.0616894016559585    0.0028889731670117    0.0006786087811982
  0.0247788747137902    0.0528689873535891    0.0025185791820551    0.0006887879129162
  0.0251505578344970    0.0430613275842900    0.0021007247083419    0.0006991197316100
  0.0255278162020145    0.0366918011062733    0.0018446094636189    0.0007096065275841
  0.0259107334450447    0.0269240968321366    0.0014279457371223    0.0007202506254979
  0.0262993944467204    0.0195264222111405    0.0011088949947314    0.0007310543848803
  0.0266938853634212    0.0137212123880733    0.0008708896072801    0.0007420202006535
  0.0270942936438725    0.0105627335854512    0.0007083217620196    0.0007531505036633
  0.0275007080485306    0.0077992640063641    0.0005726623814968    0.0007644477612183
  0.0279132186692585    0.0054208416010948    0.0004742348363472    0.0007759144776366
  0.0283319169492974    0.0058584537227437    0.0004820933319949    0.0007875531948011
  0.0287568957035369    0.0062157362822889    0.0004990771447664    0.0007993664927231
  0.0291882491390899    0.0080150599309226    0.0005694115768416    0.0008113569901140
  0.0296260728761763    0.0099301225494063    0.0006617351698004    0.0008235273449657
  0.0300704639693189    0.0127910784725762    0.0007680287422444    0.0008358802551402
  0.0305215209288587    0.0153648313842236    0.0008478223818881    0.0008484184589673
  0.0309793437427915    0.0212570337414632    0.0010939378626716    0.0008611447358518
  0.0314440338989334    0.0198658347731755    0.0010199719242023    0.0008740619068896
  0.0319156944074174    0.0231071114837438    0.0011225823015930    0.0008871728354929
  0.0323944298235287    0.0228377659218137    0.0011449671733213    0.0009004804280253
  0.0328803462708816    0.0242382307323990    0.0012147659262627    0.0009139876344457
  0.0333735514649448    0.0228572767272429    0.0011441484164550    0.0009276974489624
  0.0338741547369190    0.0209394817376631    0.0010578225567499    0.0009416129106968
  0.0343822670579728    0.0193790151075546    0.0009976412661557    0.0009557371043573
  0.0348980010638424    0.0164507946589135    0.0008759575490583    0.0009700731609226
  0.0354214710798000    0.0114049310058888    0.0006805411888462    0.0009846242583365
  0.0359527931459970    0.0085523844004643    0.0005468973901448    0.0009993936222115
  0.0364920850431869    0.0060807656795378    0.0004477195770171    0.0010143845265447
  0.0370394663188347    0.0039036425813495    0.0003457981189638    0.0010296002944428
  0.0375950583136173    0.0023713311447447    0.0002574349775899    0.0010450442988595
  0.0381589841883215    0.0017759837452156    0.0002253394929521    0.0010607199633424
  0.0387313689511463    0.0021483227227878    0.0002540824044669    0.0010766307627925
  0.0393123394854135    0.0033732649683972    0.0003053634142222    0.0010927802242344
  0.0399020245776947    0.0058674343840110    0.0004302161503425    0.0011091719275979
  0.0405005549463601    0.0059129032217477    0.0004289817482908    0.0011258095065119
  0.0411080632705555    0.0084198787695737    0.0005340268082440    0.0011426966491096
  0.0417246842196139    0.0108692485309973    0.0006298726676834    0.0011598370988462
  0.0423505544829081    0.0103744494066266    0.0005973247854157    0.0011772346553289
  0.0429858128001517    0.0105581233127159    0.0006085752894910    0.0011948931751588
  0.0436305999921540    0.0102179075059255    0.0006025715358294    0.0012128165727862
  0.0442850589920363    0.0082969578545300    0.0005229389485106    0.0012310088213780
  0.0449493348769168    0.0069101021894393    0.0003630696564752    0.0012510922712956
  0.0449493348769168    0.0066021883293827    0.0004487866812423    0.0012494739536987
  0.0456235749000706    0.0049824195291810    0.0002704520959694    0.0012698586553650
  0.0456235749000706    0.0040829149163562    0.0003449727551186    0.0012682160630042
  0.0463079285235716    0.0026172698786488    0.0002786416597539    0.0012872393039492
  0.0463079285235716    0.0029551682310748    0.0001699427976736    0.0012889065351955
  0.0470025474514252    0.0017158186999327    0.0002217671384865    0.0013065478935085
  0.0470025474514252    0.0016146963626826    0.0001052773686105    0.0013082401332235
  0.0477075856631966    0.0013721317678051    0.0001956823427285    0.0013261461119111
  0.0477075856631966    0.0008273709177795    0.0000647482923686    0.0013278637352218
  0.0484231994481445    0.0009930617414840    0.0001668726604955    0.0013460383035898
  0.0484231994481445    0.0007784928853173    0.0000621661684757    0.0013477816912501
  0.0491495474398667    0.0012739397083761    0.0000836340449264    0.0013679984166189
  0.0491495474398667    0.0014794012592045    0.0002053050063487    0.0013662288781436
  0.0498867906514647    0.0023063434667511    0.0002650793349539    0.0013867223113158
  0.0498867906514647    0.0021392692199942    0.0001230164180931    0.0013885183928682
  0.0506350925112366    0.0029414402267113    0.0001587191009716    0.0014093461687612
  0.0513946188989052    0.0039987101713898    0.0002049782275515    0.0014304863612926
  0.0521655381823887    0.0044503740337669    0.0002231408742500    0.0014519436567120
  0.0529480212551246    0.0047410668285916    0.0002342564936832    0.0014737228115627
  0.0537422415739514    0.0040162979872583    0.0001988891498913    0.0014958286537361
  0.0545483751975607    0.0034054351137977    0.0001711207402454    0.0015182660835422
  0.0553666008255241    0.0024910778696682    0.0001312136835049    0.0015410400747953
  0.0561970998379070    0.0016168971871788    0.0000923137192396    0.0015641556759172
  0.0570400563354756    0.0008296190088686    0.0000565971073120    0.0015876180110560
  0.0578956571805077    0.0005107319333383    0.0000396230660899    0.0016114322812218
  0.0587640920382153    0.0004234537750736    0.0000367678672562    0.0016356037654401
  0.0596455534187885    0.0006755788435505    0.0000471443109068    0.0016601378219217
  0.0605402367200703    0.0011544142014074    0.0000684173199354    0.0016850398892506
  0.0614483402708714    0.0016224066493511    0.0000895874680592    0.0017103154875893
  0.0623700653749344    0.0018720999577706    0.0000989060629150    0.0017359702199032
  0.0633056163555585    0.0020360859268178    0.0001054204329311    0.0017620097732017
  0.0642552006008918    0.0016520949547240    0.0000908766922928    0.0017884399197997
  0.0652190286099052    0.0012633328424492    0.0000753281255244    0.0018152665185967
  0.0661973140390538    0.0007713662306353    0.0000521746673728    0.0018424955163757
  0.0671902737496396    0.0004630065924579    0.0000371894010570    0.0018701329491213
  0.0681981278558842    0.0003026888962544    0.0000294807068759    0.0018981849433581
  0.0692210997737224    0.0002617734020534    0.0000272194769464    0.0019266577175085
  0.0702594162703283    0.0004442797745680    0.0000353088536805    0.0019555575832711
  0.0713133075143832    0.0005746400535829    0.0000407595856024    0.0019848909470202
  0.0723830071270989    0.0007158265614860    0.0000482850491417    0.0020146643112255
  0.0734687522340054    0.0008833936539549    0.0000542635391170    0.0020448842758939
  0.0745707835175154    0.0006833416148585    0.0000449024504051    0.0020755575400323
  0.0756893452702782    0.0005072237953982    0.0000366101192576    0.0021066909031328
  0.0768246854493324    0.0003044725214116    0.0000270999289232    0.0021382912666798
  0.0779770557310723    0.0001539393903674    0.0000203084098193    0.0021703656356800
  0.0791467115670384    0.0000721852586513    0.0000144627293141    0.0022029211202152
  0.0803339122405440    0.0001225824137431    0.0000179735957413    0.0022359649370184
  0.0815389209241521    0.0001961863786731    0.0000205270259400    0.0022695044110737
  0.0827620047380144    0.0002734849678028    0.0000266757497926    0.0023035469772398
  0.0840034348090846    0.0003022765490533    0.0000268429379330    0.0023381001818984
  0.0852634863312209    0.0002744580850506    0.0000248003699025    0.0023731716846269
  0.0865424386261892    0.0001683078439929    0.0000200859397926    0.0024087692598963
  0.0878405752055820    0.0001131603803581    0.0000165608009948    0.0024449007987947
  0.0891581838336657    0.0000491140050574    0.0000120366292608    0.0024815743107766
  0.0904955565911707    0.0000348608272348    0.0000123929588176    0.0025187979254383
  0.0918529899400382    0.0000695987715389    0.0000120788820264    0.0025565798943198
  0.0932307847891388    0.0000814827720234    0.0000149142282323    0.0025949285927346
  0.0946292465609759    0.0001031969598018    0.0000156627302277    0.0026338525216257
  0.0960486852593905    0.0000668478854963    0.0000131707075628    0.0026733603094500
  0.0974894155382814    0.0000651337499051    0.0000121513689725    0.0027134607140918
  0.0989517567713556    0.0000111076719912    0.0000078647288659    0.0027541626248032
