# Experiment IPTS-30384 Run 206857
# Reduction 2.0.10
# Run title: Ti D-206857-1.
# Run start time: 2023-07-12T04:39:59.410362667
# Reduction time: Wed Jul 12 00:40:59 2023
# Q summing: False
# TOF weighted: False
# Bck in Q: False
# DataRun   NormRun   TwoTheta(deg)  LambdaMin(A)   LambdaMax(A) Qmin(1/A)    Qmax(1/A)    SF_A         SF_B
# 206857    205640    0.0208837      13.055         16.3935      0.005        0.0100       1            0           
# 206858    205641    0.0209403      10.4891        13.8275      0.005        0.0125       1            0           
# 206859    205642    0.020946       7.89174        11.2302      0.005        0.0166       1.1038       5.6410      
# 206860    205643    0.0209346      5.24432        8.58274      0.005        0.0250       7.8183       2.3068      
# 206861    205644    0.0209403      2.50266        5.84109      0.005        0.0525       33.008       0.0002      
# 206862    205644    0.0413072      2.50266        5.84109      0.005        0.1036       131.26       0.0016      
# 206863    205644    0.0817577      2.50266        5.84109      0.005        0.2052       460.32       0.0093      
# dQ0[1/Angstrom] = 0
# dQ/Q = 0.0278215
# Q [1/Angstrom]        R                     dR                    dQ [FWHM]            
  0.0081226081098499    1.0337023561546315    0.0692803422123685    0.0002264005824034
  0.0082850602720469    1.0820475049335929    0.0659841708983286    0.0002309285940515
  0.0084507614774878    1.0874785145162633    0.0632098339025241    0.0002355471659325
  0.0086197767070376    1.0408196156446805    0.0569469057502538    0.0002402581092511
  0.0087921722411783    1.0823910936878616    0.0555961849218752    0.0002450632714362
  0.0089680156860019    1.0350129925474991    0.0507435545260129    0.0002499645368649
  0.0091473759997219    1.1611089191234574    0.0507602971376453    0.0002549638276022
  0.0093303235197164    1.0149233143001757    0.0443264664307812    0.0002600631041542
  0.0095169299901107    1.1119601885312147    0.0438450025814842    0.0002652643662373
  0.0097072685899129    1.0889686806821413    0.0462998925761267    0.0002698376352780
  0.0099014139617112    1.1231365299983291    0.0446947742959647    0.0002752343879836
  0.0100994422409454    0.8792485120880860    0.0370227508910334    0.0002807390757432
  0.0103014310857643    0.5037437384410534    0.0266620115125934    0.0002863538572581
  0.0105074597074796    0.3750805932588839    0.0214379628800234    0.0002920809344033
  0.0107176089016292    0.3306423798264286    0.0194315613195317    0.0002979225530913
  0.0109319610796618    0.2680640970129898    0.0161649524188307    0.0003038810041531
  0.0111506003012550    0.2388106044833212    0.0148218051730551    0.0003099586242362
  0.0113736123072801    0.2125062649632792    0.0131388104457545    0.0003161577967209
  0.0116010845534257    0.2048063782261676    0.0120683557030259    0.0003224809526553
  0.0118331062444942    0.1626740709352537    0.0104005579606042    0.0003289305717085
  0.0118331062444942    0.2372596716929647    0.0236181298003903    0.0003288416045741
  0.0120697683693841    0.1633285043772879    0.0177063168466428    0.0003354184366656
  0.0123111637367718    0.1617733718899814    0.0165449446318207    0.0003421268053989
  0.0125573870115072    0.1570986540454246    0.0157736069477436    0.0003489693415069
  0.0128085347517374    0.1760501435573344    0.0163621107391900    0.0003559487283370
  0.0130647054467721    0.1676116426007222    0.0155182524843797    0.0003630677029038
  0.0133259995557076    0.1518005700301751    0.0137902096295647    0.0003703290569619
  0.0135925195468217    0.1523505501657833    0.0135005022272032    0.0003777356381011
  0.0138643699377582    0.1566924167637111    0.0132456708173198    0.0003852903508631
  0.0141416573365133    0.1468578388044122    0.0124981260465509    0.0003929961578804
  0.0144244904832436    0.1437655684775988    0.0118626386648552    0.0004008560810380
  0.0147129802929085    0.1469158431488450    0.0116950144391249    0.0004088732026588
  0.0150072398987666    0.1280564676869959    0.0104205224173380    0.0004170506667119
  0.0153073846967420    0.1428211375087970    0.0108755604726578    0.0004253916800462
  0.0156135323906768    0.1223046905837743    0.0094362976992504    0.0004338995136471
  0.0156135323906768    0.1234135841881425    0.0092689634245910    0.0004341343576721
  0.0159258030384903    0.1162671972223316    0.0084590678424697    0.0004428170448256
  0.0162443190992601    0.1131726614960358    0.0081779514774479    0.0004516733857221
  0.0165692054812453    0.0997372495189226    0.0072273061866262    0.0004607068534365
  0.0169005895908702    0.0854104334059733    0.0061489829146516    0.0004699209905053
  0.0172386013826877    0.0802324056307052    0.0057816214383444    0.0004793194103154
  0.0175833734103414    0.0677065187571078    0.0050008551370046    0.0004889057985217
  0.0179350408785482    0.0596398112353220    0.0043588252010853    0.0004986839144921
  0.0182937416961192    0.0478925333713512    0.0036224250452334    0.0005086575927820
  0.0186596165300416    0.0413676521590603    0.0031861406653317    0.0005188307446376
  0.0190328088606424    0.0297228289109379    0.0024589189493771    0.0005292073595304
  0.0194134650378553    0.0282110940653472    0.0023403679931619    0.0005397915067210
  0.0198017343386124    0.0187960059100694    0.0017615818568492    0.0005505873368554
  0.0201977690253846    0.0142618129584666    0.0014342258026899    0.0005615990835925
  0.0206017244058923    0.0101161953975254    0.0011777334353326    0.0005728310652643
  0.0210137588940102    0.0040766278614308    0.0006491746698740    0.0005842876865696
  0.0214340340718904    0.0030644531844091    0.0005437074933017    0.0005959734403010
  0.0218627147533282    0.0024972645698987    0.0004696390574765    0.0006078929091070
  0.0222999690483947    0.0022341235146818    0.0004338776452727    0.0006200507672892
  0.0227459684293626    0.0028027414994802    0.0002815225528646    0.0006322806746550
  0.0227459684293626    0.0035359951114787    0.0005391264402752    0.0006324517826350
  0.0232008877979499    0.0043784417274921    0.0003437355884367    0.0006449262881481
  0.0232008877979499    0.0050619371140931    0.0006368522463488    0.0006451008182877
  0.0236649055539089    0.0048250716483587    0.0006278917110619    0.0006580028346534
  0.0236649055539089    0.0056475452402152    0.0003954912488653    0.0006578248139110
  0.0241382036649871    0.0088330105657218    0.0005215720727732    0.0006709813101893
  0.0246209677382868    0.0090489155092612    0.0005199679404730    0.0006844009363930
  0.0251133870930525    0.0115992494523471    0.0006145486923551    0.0006980889551209
  0.0256156548349136    0.0134548432445024    0.0006809285724392    0.0007120507342233
  0.0261279679316119    0.0127517187856115    0.0006340399406551    0.0007262917489078
  0.0266505272902441    0.0133263021457969    0.0006466911040124    0.0007408175838859
  0.0271835378360490    0.0136067142521401    0.0006499804947922    0.0007556339355637
  0.0277272085927700    0.0125597301281418    0.0006036142881077    0.0007707466142749
  0.0282817527646254    0.0114293235255696    0.0005669465232756    0.0007861615465604
  0.0288473878199179    0.0098739759763179    0.0004997134190067    0.0008018847774916
  0.0294243355763162    0.0076626531607581    0.0004102432161943    0.0008179224730415
  0.0300128222878426    0.0068414664699482    0.0003822177041385    0.0008342809225023
  0.0306130787335994    0.0046509404672226    0.0002866492900512    0.0008509665409523
  0.0312253403082714    0.0029313450907734    0.0002151047700639    0.0008679858717714
  0.0318498471144368    0.0025599469497184    0.0001959310023753    0.0008853455892068
  0.0324868440567256    0.0022204613414443    0.0001857685767516    0.0009030525009910
  0.0331365809378601    0.0029356426046472    0.0002209904876043    0.0009211135510108
  0.0337993125566173    0.0031956607720843    0.0002268057366240    0.0009395358220310
  0.0344752988077496    0.0035910719862150    0.0002416867434548    0.0009583265384716
  0.0351648047839046    0.0042516760728438    0.0002655699874145    0.0009774930692410
  0.0358681008795827    0.0053133707827702    0.0002988111910647    0.0009970429306259
  0.0365854628971744    0.0054465313760766    0.0003042773147782    0.0010169837892384
  0.0373171721551178    0.0049584105771812    0.0002774032031391    0.0010373234650231
  0.0380635155982202    0.0045298734941992    0.0002648075190893    0.0010580699343236
  0.0388247859101846    0.0042210509823898    0.0002483431339317    0.0010792313330101
  0.0396012816283883    0.0031644594707309    0.0002093840310628    0.0011008159596703
  0.0403933072609561    0.0019840350356572    0.0001529061502074    0.0011228322788637
  0.0412011734061752    0.0014758278055674    0.0001297462708824    0.0011452889244410
  0.0420251968742987    0.0008755217911852    0.0001000234636045    0.0011681947029298
  0.0428657008117847    0.0007686986900928    0.0000911447452407    0.0011915585969884
  0.0437230148280204    0.0009114618485648    0.0000993372174846    0.0012153897689281
  0.0445974751245808    0.0010972602754503    0.0001108019472614    0.0012396975643067
  0.0454894246270724    0.0015803891393024    0.0001370790995877    0.0012644915155928
  0.0454894246270724    0.0015260640145634    0.0000906066182149    0.0012656083298496
  0.0463992131196138    0.0016072794564009    0.0001361605758935    0.0012897813459047
  0.0463992131196138    0.0018571938932604    0.0001043551107256    0.0012909204964466
  0.0473271973820061    0.0020064896992074    0.0001103857206602    0.0013167389063755
  0.0473271973820061    0.0017335524780945    0.0001503608606629    0.0013155769728228
  0.0482737413296462    0.0016721866161279    0.0001480356650444    0.0013418885122792
  0.0482737413296462    0.0017079568588251    0.0000937862626587    0.0013430736845030
  0.0492392161562392    0.0013349392275279    0.0000751987730876    0.0013699351581931
  0.0492392161562392    0.0013627474101967    0.0001293188314819    0.0013687262825248
  0.0502240004793639    0.0009416130739824    0.0000562101397762    0.0013973338613570
  0.0512284804889512    0.0004711847133461    0.0000331427143177    0.0014252805385841
  0.0522530500987303    0.0002049460963921    0.0000181458414162    0.0014537861493558
  0.0532981111007049    0.0001927888192131    0.0000179203836659    0.0014828618723429
  0.0543640733227190    0.0003879534258773    0.0000275357560598    0.0015125191097897
  0.0554513547891733    0.0009004843543938    0.0000509336339028    0.0015427694919855
  0.0565603818849568    0.0011980913990023    0.0000640708781060    0.0015736248818253
  0.0576915895226559    0.0014117737797546    0.0000725568023289    0.0016050973794618
  0.0588454213131091    0.0015775434791213    0.0000795451635288    0.0016371993270510
  0.0600223297393712    0.0012753607386410    0.0000653947586636    0.0016699433135920
  0.0612227763341587    0.0008735364252384    0.0000477584020918    0.0017033421798639
  0.0624472318608418    0.0005027500231083    0.0000316920040446    0.0017374090234611
  0.0636961764980587    0.0002206310024054    0.0000188611740637    0.0017721572039304
  0.0649701000280199    0.0000674449867016    0.0000095720482989    0.0018076003480090
  0.0662695020285803    0.0000674414915664    0.0000104985485758    0.0018437523549691
  0.0675948920691519    0.0000945609196058    0.0000113197883790    0.0018806274020685
  0.0689467899105349    0.0001411773818895    0.0000150591671868    0.0019182399501099
  0.0703257257087456    0.0001542246258727    0.0000143946708696    0.0019566047491121
  0.0717322402229205    0.0000914025916865    0.0000105856700781    0.0019957368440943
  0.0731668850273789    0.0000410791807086    0.0000066855883239    0.0020356515809762
  0.0746302227279265    0.0000311718451102    0.0000062319215234    0.0020763646125957
  0.0761228271824850    0.0000621851493843    0.0000086733267085    0.0021178919048477
  0.0776452837261347    0.0001163150540624    0.0000120105927494    0.0021602497429446
  0.0791981894006574    0.0001281045197947    0.0000123331606942    0.0022034547378035
  0.0807821531886706    0.0001107870792031    0.0000115695635759    0.0022475238325596
  0.0823977962524440    0.0000810710793821    0.0000097500853050    0.0022924743092108
  0.0840457521774929    0.0000405831112389    0.0000065123497424    0.0023383237953950
  0.0857266672210427    0.0000146083555912    0.0000061054867962    0.0023850902713029
  0.0874412005654636    0.0000162878864554    0.0000046331593545    0.0024327920767289
  0.0891900245767729    0.0000153960649468    0.0000038892956052    0.0024814479182635
  0.0891900245767729    0.0000192796131929    0.0000015303443732    0.0024813978229591
  0.0909738250683083    0.0000204380035168    0.0000015144273701    0.0025310257794183
  0.0909738250683083    0.0000214072081993    0.0000052064954522    0.0025310768766288
  0.0927933015696745    0.0000349346242438    0.0000065129313159    0.0025816984141614
  0.0927933015696745    0.0000221244946989    0.0000016127378636    0.0025816462950067
  0.0946491676010680    0.0000188809074494    0.0000045010315192    0.0026333323824446
  0.0946491676010680    0.0000219775892173    0.0000015515413063    0.0026332792209068
  0.0965421509530894    0.0000280692945870    0.0000060547460725    0.0026859990300935
  0.0965421509530894    0.0000274177539585    0.0000018150800289    0.0026859448053250
  0.0984729939721511    0.0000324767982903    0.0000059449509686    0.0027397190106953
  0.0984729939721511    0.0000312670734145    0.0000020223224373    0.0027396637014315
  0.1004424538515942    0.0000326518301168    0.0000020583293954    0.0027944569754601
  0.1024513029286260    0.0000323226944475    0.0000019959275032    0.0028503461149693
  0.1045003289871986    0.0000380120580164    0.0000022644165170    0.0029073530372687
  0.1065903355669425    0.0000427159377655    0.0000024817332081    0.0029655000980141
  0.1087221422782814    0.0000427503657143    0.0000024628128613    0.0030248100999743
  0.1108965851238470    0.0000283564300919    0.0000017552108559    0.0030853063019738
  0.1131145168263240    0.0000159865372295    0.0000011478337846    0.0031470124280133
  0.1153768071628505    0.0000113775584010    0.0000009158778456    0.0032099526765736
  0.1176843433061075    0.0000136072676729    0.0000010283499736    0.0032741517301050
  0.1200380301722296    0.0000141209675247    0.0000010012238066    0.0033396347647071
  0.1224387907756742    0.0000112770033587    0.0000008599840536    0.0034064274600013
  0.1248875665911877    0.0000066548840530    0.0000006881489806    0.0034745560092013
  0.1273853179230114    0.0000029456433783    0.0000005331699757    0.0035440471293853
  0.1299330242814717    0.0000018898011093    0.0000004378628416    0.0036149280719730
  0.1325316847671011    0.0000009359857640    0.0000004469662565    0.0036872266334125
  0.1351823184624432    0.0000021147318170    0.0000004189940842    0.0037609711660808
  0.1378859648316920    0.0000032357858865    0.0000004852970796    0.0038361905894024
  0.1406436841283258    0.0000036499389766    0.0000005124982156    0.0039129144011904
  0.1434565578108924    0.0000026254486164    0.0000004581421560    0.0039911726892142
  0.1463256889671102    0.0000021929142614    0.0000004312268423    0.0040709961429985
  0.1492522027464524    0.0000028043791744    0.0000004786994052    0.0041524160658585
  0.1522372468013815    0.0000033462769507    0.0000005212803378    0.0042354643871757
  0.1552819917374091    0.0000036411861468    0.0000004832311143    0.0043201736749192
  0.1583876315721573    0.0000035427890160    0.0000004571931783    0.0044065771484176
  0.1615553842036004    0.0000029677259317    0.0000004482738282    0.0044947086913859
  0.1647864918876724    0.0000027542837921    0.0000004466818599    0.0045846028652136
  0.1680822217254259    0.0000019308682881    0.0000004103179193    0.0046762949225179
  0.1714438661599344    0.0000017057659515    0.0000003635253693    0.0047698208209683
  0.1748727434831331    0.0000009403518856    0.0000003662147599    0.0048652172373876
  0.1783701983527958   -0.0000003323931996    0.0000003803830465    0.0049625215821354
  0.1819376023198517    0.0000010663141998    0.0000003204714227    0.0050617720137781
  0.1855763543662488    0.0000003747388808    0.0000003614716552    0.0051630074540536
  0.1892878814535737    0.0000005605582111    0.0000003619076151    0.0052662676031347
  0.1930736390826452   -0.0000001106389907    0.0000003669787902    0.0053715929551974
