# Experiment IPTS-30384 Run 207142
# Reduction 2.0.12
# Run title: Expt5_Cu-D_BF4_EtOH_OCV2-207142-1.
# Run start time: 2023-07-15T18:27:28.293270667
# Reduction time: Sat Jul 15 14:30:26 2023
# Q summing: False
# TOF weighted: False
# Bck in Q: False
# DataRun   NormRun   TwoTheta(deg)  LambdaMin(A)   LambdaMax(A) Qmin(1/A)    Qmax(1/A)    SF_A         SF_B
# 207142    205740    0.0209573      13.1015        16.4518      0.005        0.0100       1            0           
# 207143    205741    0.020946       10.5264        13.8767      0.005        0.0125       1            0           
# 207144    205742    0.020946       7.91981        11.2701      0.005        0.0166       1.1158       -3.487      
# 207145    205743    0.0209403      5.26297        8.61328      0.005        0.0249       7.8759       3.3823      
# 207146    205744    0.020946       2.51156        5.86187      0.005        0.0523       33.600       0.0003      
# 207147    205744    0.0412789      2.51156        5.86187      0.005        0.1032       129.02       0.0022      
# 207148    205744    0.0817804      2.51156        5.86187      0.005        0.2045       443.75       0.0120      
# dQ0[1/Angstrom] = 0
# dQ/Q = 0.0277955
# Q [1/Angstrom]        R                     dR                    dQ [FWHM]            
  0.0079921268598835    1.1597222091469790    0.0948115470636083    0.0002219808430957
  0.0081120087627818    1.1656506362681696    0.0879470306384130    0.0002253105557421
  0.0082336888942235    1.0732002449202838    0.0796056998971734    0.0002286902140783
  0.0083571942276368    1.1759795449734949    0.0796976010567848    0.0002321205672894
  0.0084825521410514    1.2390359360248475    0.0785657100196588    0.0002356023757988
  0.0086097904231672    1.1438574035392297    0.0711049851198632    0.0002391364114358
  0.0087389372795147    1.0307605446817814    0.0641921554411863    0.0002427234576073
  0.0088700213387074    1.1344096945203543    0.0641384305166718    0.0002463643094714
  0.0090030716587880    1.1562175712348353    0.0619052747635493    0.0002500597741135
  0.0091381177336698    1.0772872259552968    0.0566309175604224    0.0002538106707252
  0.0092751894996749    1.0079337627516936    0.0524072446575728    0.0002576178307861
  0.0094143173421700    1.1029496407515924    0.0527077561861972    0.0002614820982478
  0.0095555321023025    1.2126076048246626    0.1110450801280438    0.0002655478996094
  0.0095555321023025    1.0735785593472120    0.0495783760556294    0.0002654043297216
  0.0096988650838371    1.1690164105693155    0.1013769605820147    0.0002695311181036
  0.0098443480600946    1.0112141769742198    0.0903566872177545    0.0002735740848751
  0.0099920132809960    1.2150832858396168    0.0934189303343877    0.0002776776961483
  0.0101418934802110    1.1423875157952204    0.0868097772601747    0.0002818428615905
  0.0102940218824141    1.1515034848063561    0.0848516046146659    0.0002860705045143
  0.0104484322106503    1.0564581541015785    0.0774282281476550    0.0002903615620821
  0.0106051586938101    0.9840235455011447    0.0736498654910612    0.0002947169855133
  0.0107642360742173    1.1227657051736533    0.0714215096780074    0.0002991377402960
  0.0109256996153305    1.0025322737393920    0.0634068563089638    0.0003036248064004
  0.0110895851095605    1.0051542812245569    0.0623221475051030    0.0003081791784964
  0.0112559288862039    1.2152213991554961    0.0657127896595179    0.0003128018661739
  0.0114247678194969    1.0019089758298478    0.0581912334091467    0.0003174938941665
  0.0115961393367894    1.0331300398830445    0.0549885118588449    0.0003222563025790
  0.0117700814268412    1.1111361020986739    0.1274531522667969    0.0003270901471177
  0.0117700814268412    1.1266190555046489    0.0560285746061206    0.0003270901471177
  0.0119466326482438    0.9865821358950910    0.0499996212116008    0.0003319964993244
  0.0119466326482438    1.0058031066616635    0.1162433911303223    0.0003319964993244
  0.0121258321379675    1.0771369916781290    0.1174906377158580    0.0003369764468143
  0.0123077196200370    1.0916455337497402    0.1137524720876064    0.0003420310935165
  0.0124923354143376    1.2230404639717520    0.1204385759716902    0.0003471615599193
  0.0126797204455526    1.0041911740246372    0.1035613295015542    0.0003523689833181
  0.0128699162522359    1.0857751515015577    0.1047714507679792    0.0003576545180678
  0.0130629649960195    1.0974029889507799    0.1030975992766737    0.0003630193358388
  0.0132589094709597    0.9489561883331904    0.0910851115517646    0.0003684646258764
  0.0134577931130241    1.1571873723120065    0.1027414665892459    0.0003739915952646
  0.0136596600097195    1.2179760760566589    0.1038655915231561    0.0003796014691935
  0.0138645549098653    1.0107139177146951    0.0880492219509869    0.0003852954912314
  0.0140725232335133    1.0586087667653894    0.0894157245312520    0.0003910749235999
  0.0142836110820160    0.8753490012409413    0.0756245373317194    0.0003969410474539
  0.0144978652482462    0.7892322628293348    0.0689539393451557    0.0004028951631657
  0.0147153332269699    0.6437078644977551    0.0572810389606117    0.0004089385906132
  0.0149360632253744    0.6686067555464514    0.0576768322729181    0.0004150726694724
  0.0151601041737551    0.6240794110144572    0.0536844507713690    0.0004212987595145
  0.0153875057363614    0.5742591005654987    0.0489968351506775    0.0004276182409072
  0.0153875057363614    0.5776234347505224    0.0495086630930185    0.0004277339317716
  0.0156183183224068    0.5352012999640140    0.0455908404422009    0.0004340325145208
  0.0156183183224068    0.5345955945876040    0.0451389326665389    0.0004341499407482
  0.0158525930972429    0.5541848505554169    0.0460768736013697    0.0004405430022386
  0.0158525930972429    0.4523087942377905    0.0381814159287146    0.0004406621898594
  0.0160903819937015    0.4479369369234711    0.0370358740772491    0.0004472721227073
  0.0163317377236071    0.4197116048696206    0.0349843685341598    0.0004539812045479
  0.0165767137894612    0.3685181515468033    0.0308788832708699    0.0004607909226161
  0.0168253644963031    0.2969787581719234    0.0259909204314671    0.0004677027864553
  0.0170777449637476    0.2877199079199067    0.0249543585714421    0.0004747183282522
  0.0173339111382038    0.2679097416035355    0.0234419113090953    0.0004818391031760
  0.0175939198052769    0.2189532698167945    0.0195685724455724    0.0004890666897236
  0.0178578286023560    0.1931057980868635    0.0175591788154560    0.0004964026900695
  0.0181256960313914    0.1307346492161238    0.0140306477259127    0.0005038487304205
  0.0183975814718623    0.1403216762674083    0.0138723047510476    0.0005114064613768
  0.0186735451939402    0.1131586489567924    0.0116053205932646    0.0005190775582975
  0.0189536483718493    0.1138784000313928    0.0114494095430909    0.0005268637216719
  0.0192379530974270    0.0933326549261544    0.0099013221526081    0.0005347666774970
  0.0195265223938884    0.0893988726262296    0.0097428031888697    0.0005427881776595
  0.0198194202297968    0.0806728607368531    0.0089572555549786    0.0005509300003243
  0.0201167115332437    0.0683363184236731    0.0076226107434314    0.0005591939503292
  0.0204184622062424    0.0664014735494773    0.0073677912558009    0.0005675818595841
  0.0207247391393360    0.0701327505376163    0.0074468856377678    0.0005760955874779
  0.0210356102264260    0.0625680454709346    0.0067888781118766    0.0005847370212901
  0.0213511443798224    0.0765542277920522    0.0076983195613704    0.0005935080766094
  0.0216714115455197    0.0774068862619656    0.0075443403309906    0.0006024106977586
  0.0219964827187025    0.0735521663467000    0.0071802744099419    0.0006114468582249
  0.0223264299594831    0.0767316533668205    0.0071319023746673    0.0006206185610983
  0.0226613264088753    0.0834557676472317    0.0073322648198683    0.0006299278395148
  0.0226613264088753    0.0722908571294931    0.0036933171717570    0.0006297574604758
  0.0230012463050085    0.0739908268009156    0.0066643605137879    0.0006393767571075
  0.0230012463050085    0.0713705476823609    0.0036183092589547    0.0006392038223829
  0.0233462649995836    0.0610970705026528    0.0058563213791078    0.0006489674084641
  0.0233462649995836    0.0698408896775320    0.0034663011089696    0.0006487918797187
  0.0236964589745773    0.0666694271399165    0.0060892088874339    0.0006587019195911
  0.0236964589745773    0.0664080504885194    0.0033022865742936    0.0006585237579144
  0.0240519058591960    0.0654574132804441    0.0058066695435090    0.0006685824483850
  0.0240519058591960    0.0631629735068444    0.0031043067619117    0.0006684016142832
  0.0244126844470839    0.0638333681666908    0.0030809130998819    0.0006784276384974
  0.0247788747137902    0.0581874539153531    0.0028319405199629    0.0006886040530749
  0.0251505578344970    0.0553874666462719    0.0026771329954950    0.0006989331138710
  0.0255278162020145    0.0497887296567037    0.0024452033174884    0.0007094171105791
  0.0259107334450447    0.0456837178748845    0.0022566612259108    0.0007200583672377
  0.0262993944467204    0.0419217368491741    0.0020733529304483    0.0007308592427463
  0.0266938853634212    0.0374001086636017    0.0018758145446757    0.0007418221313875
  0.0270942936438725    0.0345152529390157    0.0017359478329544    0.0007529494633583
  0.0275007080485306    0.0306173593969675    0.0015543270907773    0.0007642437053087
  0.0279132186692585    0.0274392712866340    0.0014226704419918    0.0007757073608883
  0.0283319169492974    0.0248553665958593    0.0013379146199393    0.0007873429713016
  0.0287568957035369    0.0231330942502436    0.0012551621757727    0.0007991531158712
  0.0291882491390899    0.0225771696700839    0.0012215424297074    0.0008111404126092
  0.0296260728761763    0.0243527836014258    0.0012865451719317    0.0008233075187984
  0.0300704639693189    0.0220749388705824    0.0011922078165872    0.0008356571315804
  0.0305215209288587    0.0213955779058792    0.0011329133952814    0.0008481919885541
  0.0309793437427915    0.0215208528296005    0.0011697597280040    0.0008609148683824
  0.0314440338989334    0.0223776088024633    0.0011836441188701    0.0008738285914081
  0.0319156944074174    0.0206171521941958    0.0011102913681414    0.0008869360202792
  0.0323944298235287    0.0214180632995133    0.0011477264135268    0.0009002400605834
  0.0328803462708816    0.0225683574856481    0.0012243493384024    0.0009137436614922
  0.0333735514649448    0.0226963319496392    0.0012062808296870    0.0009274498164145
  0.0338741547369190    0.0203804871455476    0.0011046845537998    0.0009413615636608
  0.0343822670579728    0.0193752177497458    0.0010602482646892    0.0009554819871157
  0.0348980010638424    0.0177217549602237    0.0009938654717183    0.0009698142169224
  0.0354214710798000    0.0157082507958598    0.0009087786005118    0.0009843614301762
  0.0359527931459970    0.0154396632488418    0.0008703709284103    0.0009991268516289
  0.0364920850431869    0.0123266586149918    0.0007560987197830    0.0010141137544033
  0.0370394663188347    0.0142600664657313    0.0008389133200996    0.0010293254607194
  0.0375950583136173    0.0119602568702012    0.0007288645135169    0.0010447653426302
  0.0381589841883215    0.0106598793884342    0.0006703109582876    0.0010604368227696
  0.0387313689511463    0.0097961599543130    0.0006463871530946    0.0010763433751112
  0.0393123394854135    0.0090817535576196    0.0006150161737147    0.0010924885257378
  0.0399020245776947    0.0094289611111662    0.0006273012509385    0.0011088758536239
  0.0405005549463601    0.0094064205361829    0.0005991654519565    0.0011255089914283
  0.0411080632705555    0.0087375694634696    0.0005945537493473    0.0011423916262997
  0.0417246842196139    0.0091906638213246    0.0006238513351602    0.0011595275006942
  0.0423505544829081    0.0084436538288866    0.0005678506741068    0.0011769204132046
  0.0429858128001517    0.0085739077384201    0.0005696819694093    0.0011945742194027
  0.0436305999921540    0.0094336747843184    0.0006268540287678    0.0012124928326937
  0.0442850589920363    0.0072804130173729    0.0005255666847414    0.0012306802251841
  0.0449493348769168    0.0073394592864825    0.0005257325536574    0.0012491404285619
  0.0449493348769168    0.0082475219942315    0.0004515929004559    0.0012530653648242
  0.0456235749000706    0.0080823939322908    0.0004419419771443    0.0012718613452965
  0.0456235749000706    0.0072038795021750    0.0005368281067083    0.0012678775349903
  0.0463079285235716    0.0067637566601729    0.0005051213241754    0.0012868956980151
  0.0463079285235716    0.0075451148690030    0.0004088526974158    0.0012909392654760
  0.0470025474514252    0.0055137122832546    0.0004656951292150    0.0013061991334854
  0.0470025474514252    0.0071761424927584    0.0003867716760570    0.0013103033544581
  0.0477075856631966    0.0061218128775151    0.0004667723437523    0.0013257921204877
  0.0477075856631966    0.0062798671502882    0.0003411523889217    0.0013299579047750
  0.0484231994481445    0.0059881670653671    0.0003241033452939    0.0013499072733466
  0.0484231994481445    0.0054653001392094    0.0004454839807205    0.0013456790022950
  0.0491495474398667    0.0042184370197908    0.0003875472332040    0.0013658641873294
  0.0491495474398667    0.0051919986963383    0.0002839893377549    0.0013701558824468
  0.0498867906514647    0.0044412772719761    0.0004174835395649    0.0013863521501393
  0.0498867906514647    0.0047765176191321    0.0002624538987061    0.0013907082206835
  0.0506350925112366    0.0045635914222845    0.0002500246539288    0.0014115688439938
  0.0513946188989052    0.0046295086585295    0.0002515104603947    0.0014327423766537
  0.0521655381823887    0.0043760437753071    0.0002373255018559    0.0014542335123035
  0.0529480212551246    0.0041684136557818    0.0002264980833830    0.0014760470149880
  0.0537422415739514    0.0040035082553238    0.0002126629463346    0.0014981877202128
  0.0545483751975607    0.0035857610433759    0.0001943811749108    0.0015206605360160
  0.0553666008255241    0.0036259142464503    0.0001970513408224    0.0015434704440563
  0.0561970998379070    0.0038973434440273    0.0002080887029225    0.0015666225007171
  0.0570400563354756    0.0036214592135153    0.0001945913789789    0.0015901218382279
  0.0578956571805077    0.0032035483551199    0.0001737731298797    0.0016139736658013
  0.0587640920382153    0.0030702990030553    0.0001686660937664    0.0016381832707883
  0.0596455534187885    0.0023816516112139    0.0001364877967753    0.0016627560198501
  0.0605402367200703    0.0022907384860454    0.0001335243508103    0.0016876973601479
  0.0614483402708714    0.0021794634433835    0.0001275541653675    0.0017130128205501
  0.0623700653749344    0.0019671251677942    0.0001169250414436    0.0017387080128584
  0.0633056163555585    0.0018955670457994    0.0001141880895431    0.0017647886330512
  0.0642552006008918    0.0019478292753279    0.0001189094857375    0.0017912604625470
  0.0652190286099052    0.0018759466178318    0.0001169641317461    0.0018181293694852
  0.0661973140390538    0.0017929811345868    0.0001096225664130    0.0018454013100275
  0.0671902737496396    0.0015818766119506    0.0001012022362236    0.0018730823296779
  0.0681981278558842    0.0015493459777144    0.0000998939912687    0.0019011785646231
  0.0692210997737224    0.0013969454363572    0.0000911469008417    0.0019296962430924
  0.0702594162703283    0.0011920051250397    0.0000803604194475    0.0019586416867388
  0.0713133075143832    0.0010014454016258    0.0000714678767825    0.0019880213120399
  0.0723830071270989    0.0010845125649995    0.0000753450808640    0.0020178416317205
  0.0734687522340054    0.0008660715270901    0.0000648204398968    0.0020481092561963
  0.0745707835175154    0.0008244155754442    0.0000630106812852    0.0020788308950392
  0.0756893452702782    0.0007773083943547    0.0000608584988411    0.0021100133584648
  0.0768246854493324    0.0006809256108180    0.0000549644447831    0.0021416635588418
  0.0779770557310723    0.0006954854726532    0.0000588008414861    0.0021737885122244
  0.0791467115670384    0.0006571996094072    0.0000529450121751    0.0022063953399078
  0.0803339122405440    0.0005706374084465    0.0000501487185784    0.0022394912700064
  0.0815389209241521    0.0005433055260018    0.0000475991362464    0.0022730836390565
  0.0827620047380144    0.0004280365667369    0.0000420078229752    0.0023071798936423
  0.0840034348090846    0.0003615976425770    0.0000377916680408    0.0023417875920470
  0.0852634863312209    0.0003472274538509    0.0000376897425015    0.0023769144059277
  0.0865424386261892    0.0003842969946615    0.0000392116027882    0.0024125681220166
  0.0878405752055820    0.0002771943326904    0.0000360923564140    0.0024487566438468
  0.0891581838336657    0.0002577648718294    0.0000330851588547    0.0024854879935045
  0.0891581838336657    0.0002620335128641    0.0000155967316038    0.0024781974348669
  0.0904955565911707    0.0002707263318608    0.0000160304779151    0.0025153703963899
  0.0904955565911707    0.0002342812068773    0.0000317912441843    0.0025227703134071
  0.0918529899400382    0.0002150683962883    0.0000287214949771    0.0025606118681082
  0.0918529899400382    0.0002200716717714    0.0000132089649812    0.0025531009523358
  0.0932307847891388    0.0002102163872361    0.0000262949119346    0.0025990210461298
  0.0932307847891388    0.0001618976543942    0.0000101107814122    0.0025913974666208
  0.0946292465609759    0.0001313965888626    0.0000285339186119    0.0026380063618218
  0.0946292465609759    0.0001406032707932    0.0000088062776834    0.0026302684286201
  0.0960486852593905    0.0001406090796722    0.0000246641510262    0.0026775764572491
  0.0960486852593905    0.0001169644301660    0.0000075809186776    0.0026697224550494
  0.0974894155382814    0.0000937233543354    0.0000209753364711    0.0027177401041078
  0.0974894155382814    0.0001094961093508    0.0000071569866317    0.0027097682918752
  0.0989517567713556    0.0000578064146139    0.0000223491421653    0.0027585062056695
  0.0989517567713556    0.0000950475011594    0.0000063228151974    0.0027504148162533
  0.1004360331229259    0.0000893725367201    0.0000059396226818    0.0027916710384971
  0.1019425736197698    0.0000723348235316    0.0000051254949057    0.0028335461040746
  0.1034717122240663    0.0000542714703719    0.0000042578768082    0.0028760492956357
  0.1050237879074273    0.0000439841538971    0.0000036989662502    0.0029191900350702
  0.1065991447260387    0.0000289182280461    0.0000030242754749    0.0029629778855963
  0.1081981318969293    0.0000246011840359    0.0000027542377090    0.0030074225538802
  0.1098211038753832    0.0000233018182566    0.0000026822674869    0.0030525338921884
  0.1114684204335139    0.0000186646458377    0.0000025834792738    0.0030983219005712
  0.1131404467400166    0.0000160528956766    0.0000024683622978    0.0031447967290798
  0.1148375534411168    0.0000144784195017    0.0000022511047019    0.0031919686800160
  0.1165601167427336    0.0000053592929292    0.0000022132737885    0.0032398482102163
  0.1183085184938746    0.0000026653662661    0.0000019660444326    0.0032884459333695
  0.1200831462712827    0.0000017467885983    0.0000020189578616    0.0033377726223700
  0.1218843934653519    0.0000044639461800    0.0000020730912098    0.0033878392117056
  0.1237126593673322    0.0000048716426448    0.0000019664312972    0.0034386567998812
  0.1255683492578422    0.0000019012589515    0.0000021159216586    0.0034902366518794
  0.1274518744967098    0.0000076512505241    0.0000022000851723    0.0035425902016576
  0.1293636526141604    0.0000032566381965    0.0000021690885345    0.0035957290546824
  0.1313041074033728    0.0000059709277508    0.0000021237005819    0.0036496649905027
  0.1332736690144234    0.0000056970134770    0.0000021815496749    0.0037044099653602
  0.1352727740496397    0.0000077191254229    0.0000023156370940    0.0037599761148406
  0.1373018656603843    0.0000107895952591    0.0000022027253448    0.0038163757565632
  0.1393613936452901    0.0000179724232484    0.0000022998359114    0.0038736213929117
  0.1414518145499694    0.0000124775059987    0.0000021584391646    0.0039317257138054
  0.1435735917682189    0.0000094072820188    0.0000023953984996    0.0039907015995124
  0.1457271956447422    0.0000091181175644    0.0000022087464358    0.0040505621235051
  0.1479131035794133    0.0000167593623682    0.0000021731499906    0.0041113205553577
  0.1501318001331045    0.0000139466092307    0.0000022695597094    0.0041729903636881
  0.1523837771351011    0.0000160037827496    0.0000021730102111    0.0042355852191434
  0.1546695337921276    0.0000140154222568    0.0000022776222343    0.0042991189974305
  0.1569895767990095    0.0000106096386586    0.0000022351744055    0.0043636057823920
  0.1593444204509946    0.0000107040822509    0.0000020987304876    0.0044290598691279
  0.1617345867577595    0.0000163025597888    0.0000022681843448    0.0044954957671648
  0.1641606055591259    0.0000133106035984    0.0000020831605758    0.0045629282036723
  0.1666230146425127    0.0000119321982623    0.0000021689296381    0.0046313721267273
  0.1691223598621504    0.0000121439502203    0.0000021199985973    0.0047008427086282
  0.1716591952600827    0.0000099204905895    0.0000021451847528    0.0047713553492577
  0.1742340831889839    0.0000067664328521    0.0000020627655569    0.0048429256794965
  0.1768475944368186    0.0000102847740619    0.0000019290996297    0.0049155695646890
  0.1795003083533709    0.0000072156850202    0.0000020079711113    0.0049893031081593
  0.1821928129786714    0.0000026387735898    0.0000018813627414    0.0050641426547817
  0.1849257051733515    0.0000040682100583    0.0000017907058271    0.0051401047946034
  0.1876995907509517    0.0000061683697952    0.0000018818849984    0.0052172063665225
  0.1905150846122160    0.0000031300400334    0.0000019262866676    0.0052954644620203
  0.1933728108813992    0.0000072505585017    0.0000018877464251    0.0053748964289506
  0.1962734030446202    0.0000014893022479    0.0000019786364826    0.0054555198753849
