# Experiment IPTS-30384 Run 207400
# Reduction 2.0.12
# Run title: Cu repeat-207400-1.
# Run start time: 2023-07-19T08:04:40.389536667
# Reduction time: Wed Jul 19 04:05:43 2023
# Q summing: False
# TOF weighted: False
# Bck in Q: False
# DataRun   NormRun   TwoTheta(deg)  LambdaMin(A)   LambdaMax(A) Qmin(1/A)    Qmax(1/A)    SF_A         SF_B
# 207400    205640    0.020963       13.055         16.3935      0.005        0.0100       1            0           
# 207401    205641    0.0209516      10.4891        13.8275      0.005        0.0125       1            0           
# 207402    205642    0.0209573      7.89174        11.2302      0.005        0.0166       1.1038       5.6410      
# 207403    205643    0.020963       5.24432        8.58274      0.005        0.0251       7.8183       2.3068      
# 207404    205644    0.0209573      2.50266        5.84109      0.005        0.0526       33.008       0.0002      
# 207405    205644    0.0412789      2.50266        5.84109      0.005        0.1036       131.26       0.0016      
# 207406    205644    0.0817804      2.50266        5.84109      0.005        0.2052       460.32       0.0093      
# dQ0[1/Angstrom] = 0
# dQ/Q = 0.0277954
# Q [1/Angstrom]        R                     dR                    dQ [FWHM]            
  0.0081226081098499    1.2151214618958186    0.0765384986164116    0.0002261213645745
  0.0082850602720469    1.1779565408542045    0.0731218054132311    0.0002306437918659
  0.0084507614774878    1.1043579928634839    0.0657436680121328    0.0002352566677033
  0.0086197767070376    1.1557775389029541    0.0652140336900356    0.0002399618010573
  0.0087921722411783    1.1247131966338748    0.0609219618564978    0.0002447610370785
  0.0089680156860019    1.1326434499108211    0.0551998162784251    0.0002496562578200
  0.0091473759997219    1.0834467219534800    0.0508321620707967    0.0002546493829764
  0.0093303235197164    1.0120677495915942    0.0476549674299369    0.0002597423706360
  0.0095169299901107    1.1256485323129581    0.0465543744721552    0.0002649372180487
  0.0097072685899129    0.9608003703540073    0.0778671758597774    0.0002696905920918
  0.0099014139617112    1.0484635845981751    0.0808161094108659    0.0002750844039336
  0.0100994422409454    1.2750387926982243    0.0799811983182309    0.0002805860920123
  0.0103014310857643    1.0612277251989879    0.0679173859184070    0.0002861978138525
  0.0105074597074796    1.0433162128290974    0.0652904499469175    0.0002919217701296
  0.0107176089016292    1.0352312083308839    0.0611566758177379    0.0002977602055322
  0.0109319610796618    1.1206466003475346    0.0615203329341874    0.0003037154096428
  0.0111506003012550    1.0550026923578886    0.0564975004246490    0.0003097897178357
  0.0113736123072801    1.0399920615861482    0.0531639664159950    0.0003159855121924
  0.0116010845534257    1.0642570078032565    0.0492971934716296    0.0003223052224362
  0.0118331062444942    1.1055997319993114    0.0475653940404724    0.0003287513268850
  0.0118331062444942    1.2068823669144901    0.1326691415349837    0.0003286624563060
  0.0120697683693841    1.1734924526879473    0.1238370651941532    0.0003352357054321
  0.0123111637367718    1.0971711844095395    0.1154721109987276    0.0003419404195408
  0.0125573870115072    0.8575638109704993    0.0965380098551335    0.0003487792279316
  0.0128085347517374    1.0519605028688073    0.1036259591309143    0.0003557548124902
  0.0130647054467721    1.0113897271093100    0.0964750022354098    0.0003628699087400
  0.0133259995557076    0.9960521863720984    0.0932832946940772    0.0003701273069148
  0.0135925195468217    1.0371194335725116    0.0932276975548174    0.0003775298530531
  0.0138643699377582    1.1142527075829676    0.0957717082427653    0.0003850804501142
  0.0141416573365133    0.9586682937451532    0.0830591371856736    0.0003927820591165
  0.0144244904832436    0.9902537448942740    0.0827213413122787    0.0004006377002988
  0.0147129802929085    1.0309674165687472    0.0825138989383250    0.0004086504543048
  0.0150072398987666    0.9810878238409816    0.0782372266358727    0.0004168234633909
  0.0153073846967420    1.1046540573002530    0.0828189460494053    0.0004251599326587
  0.0156135323906768    0.9427561152097218    0.0721252753040068    0.0004336631313119
  0.0156135323906768    1.0830368596603357    0.0839253108325367    0.0004335459318520
  0.0159258030384903    0.9390652963910338    0.0721554654692696    0.0004422168504890
  0.0162443190992601    1.0212995204079514    0.0748237362708987    0.0004510611874988
  0.0165692054812453    0.9405164650500538    0.0691038003479115    0.0004600824112488
  0.0169005895908702    0.9418002822909822    0.0658147600225748    0.0004692840594737
  0.0172386013826877    0.9054915556943739    0.0637308959342660    0.0004786697406632
  0.0175833734103414    0.8462796996563305    0.0582579779104038    0.0004882431354765
  0.0179350408785482    0.7398280490920038    0.0514064951307676    0.0004980079981860
  0.0182937416961192    0.7190852924574522    0.0493989749158142    0.0005079681581497
  0.0186596165300416    0.6790933779821268    0.0452966451358303    0.0005181275213127
  0.0190328088606424    0.5701407235762241    0.0387146865384527    0.0005284900717390
  0.0194134650378553    0.5372732529223460    0.0364877484179057    0.0005390598731738
  0.0198017343386124    0.3315439548896671    0.0253080224474782    0.0005498410706372
  0.0201977690253846    0.2368952885778650    0.0198614165477673    0.0005608378920500
  0.0206017244058923    0.1149585638250453    0.0128244856929979    0.0005720546498910
  0.0210137588940102    0.0428696165254730    0.0070688440505346    0.0005834957428888
  0.0214340340718904    0.0311512341215746    0.0054529151810598    0.0005951656577466
  0.0218627147533282    0.0343823747974191    0.0055274993749646    0.0006070689709015
  0.0222999690483947    0.0604652988946205    0.0076914251412181    0.0006192103503195
  0.0227459684293626    0.0875616209388164    0.0043371455400681    0.0006317652948085
  0.0227459684293626    0.0771686040290065    0.0085372441755177    0.0006315945573259
  0.0232008877979499    0.1087819317875940    0.0050808722235713    0.0006444006007047
  0.0232008877979499    0.1137909225630476    0.0101792902672991    0.0006442264484724
  0.0236649055539089    0.1148464487592205    0.0100084447662542    0.0006571109774419
  0.0236649055539089    0.1258574440274535    0.0056911158821181    0.0006572886127188
  0.0241382036649871    0.1266290865778820    0.0056045285472532    0.0006704343849732
  0.0246209677382868    0.1245174616560736    0.0054225685868732    0.0006838430726726
  0.0251133870930525    0.1180991812033964    0.0051205370376255    0.0006975199341261
  0.0256156548349136    0.1057539251655145    0.0045724986097285    0.0007114703328086
  0.0261279679316119    0.0816393877427757    0.0035818120627336    0.0007256997394648
  0.0266505272902441    0.0664094230186927    0.0029666663216505    0.0007402137342541
  0.0271835378360490    0.0496722151010004    0.0023168523628299    0.0007550180089392
  0.0277272085927700    0.0345844639674089    0.0017122892144195    0.0007701183691180
  0.0282817527646254    0.0245325956121955    0.0013372973475548    0.0007855207365003
  0.0288473878199179    0.0174123718988004    0.0010363501618157    0.0008012311512303
  0.0294243355763162    0.0151657136127810    0.0009450513697805    0.0008172557742549
  0.0300128222878426    0.0175916568325306    0.0010359688976053    0.0008336008897400
  0.0306130787335994    0.0220021626703674    0.0011910846494790    0.0008502729075348
  0.0312253403082714    0.0232761779150975    0.0012221804577739    0.0008672783656855
  0.0318498471144368    0.0295998816437850    0.0014462675231636    0.0008846239329992
  0.0324868440567256    0.0333518075945042    0.0016070396814467    0.0009023164116592
  0.0331365809378601    0.0294942232330292    0.0014840783717608    0.0009203627398924
  0.0337993125566173    0.0320405424830402    0.0015482933475537    0.0009387699946902
  0.0344752988077496    0.0269190168712928    0.0013425623292100    0.0009575453945840
  0.0351648047839046    0.0240757724692001    0.0012126133297254    0.0009766963024757
  0.0358681008795827    0.0180514543877421    0.0009934971277721    0.0009962302285252
  0.0365854628971744    0.0146452624225266    0.0008611902083168    0.0010161548330958
  0.0373171721551178    0.0111634210510550    0.0007050789254704    0.0010364779297577
  0.0380635155982202    0.0105566406940083    0.0006742404306938    0.0010572074883528
  0.0388247859101846    0.0098158789238261    0.0006487638879214    0.0010783516381199
  0.0396012816283883    0.0082651320669860    0.0005831228168635    0.0010999186708823
  0.0403933072609561    0.0098314719830614    0.0006260833580646    0.0011219170442999
  0.0412011734061752    0.0111642218956362    0.0006802157117926    0.0011443553851859
  0.0420251968742987    0.0119772015916995    0.0007299864747394    0.0011672424928896
  0.0428657008117847    0.0105624469876852    0.0006868957303389    0.0011905873427474
  0.0437230148280204    0.0103149504848156    0.0006595520027327    0.0012143990896024
  0.0445974751245808    0.0093952516886338    0.0006064363410186    0.0012386870713944
  0.0454894246270724    0.0075455951603891    0.0005380109432095    0.0012634608128223
  0.0454894246270724    0.0089514024313256    0.0004699379865049    0.0012714058957741
  0.0463992131196138    0.0063715302694087    0.0005013115920648    0.0012887300290788
  0.0463992131196138    0.0070012572426040    0.0003698554633185    0.0012968340136896
  0.0473271973820061    0.0061696078905709    0.0003266865560742    0.0013227706939634
  0.0473271973820061    0.0054816277738919    0.0004699954196363    0.0013145046296603
  0.0482737413296462    0.0050548068124725    0.0004460684237225    0.0013407947222535
  0.0482737413296462    0.0050841242249542    0.0002697664177756    0.0013492261078426
  0.0492392161562392    0.0047911052542964    0.0002536446831844    0.0013762106299995
  0.0492392161562392    0.0055905075586243    0.0004718744642202    0.0013676106166986
  0.0502240004793639    0.0051106954716982    0.0002650847643919    0.0014037348425995
  0.0512284804889512    0.0049187493736258    0.0002533683229963    0.0014318095394515
  0.0522530500987303    0.0049955560464216    0.0002515060588342    0.0014604457302405
  0.0532981111007049    0.0049369507043426    0.0002471755675180    0.0014896546448453
  0.0543640733227190    0.0045116053053658    0.0002258440503522    0.0015194477377422
  0.0554513547891733    0.0038302307856855    0.0001954414586958    0.0015498366924971
  0.0565603818849568    0.0032779984551536    0.0001708878845246    0.0015808334263470
  0.0576915895226559    0.0029123937098224    0.0001524217580146    0.0016124500948739
  0.0588454213131091    0.0029526115124734    0.0001547945826708    0.0016446990967714
  0.0600223297393712    0.0025413706423674    0.0001349589501698    0.0016775930787069
  0.0612227763341587    0.0023944048502240    0.0001273460942171    0.0017111449402810
  0.0624472318608418    0.0022714552883773    0.0001216362656506    0.0017453678390866
  0.0636961764980587    0.0021562329014656    0.0001176192694158    0.0017802751958683
  0.0649701000280199    0.0019916169840813    0.0001110053951490    0.0018158806997857
  0.0662695020285803    0.0017967094450014    0.0001027280736112    0.0018521983137814
  0.0675948920691519    0.0015135922903743    0.0000876847652683    0.0018892422800571
  0.0689467899105349    0.0014289688564773    0.0000843169256454    0.0019270271256582
  0.0703257257087456    0.0012116311505234    0.0000731026088259    0.0019655676681714
  0.0717322402229205    0.0011055951799606    0.0000689744029708    0.0020048790215348
  0.0731668850273789    0.0010485735080027    0.0000645134451870    0.0020449766019655
  0.0746302227279265    0.0009273400685749    0.0000588208035755    0.0020858761340048
  0.0761228271824850    0.0008245134997710    0.0000546181456743    0.0021275936566849
  0.0776452837261347    0.0007657817450642    0.0000517224663551    0.0021701455298186
  0.0791981894006574    0.0005502036834080    0.0000415760183958    0.0022135484404150
  0.0807821531886706    0.0005670639148782    0.0000428881530449    0.0022578194092233
  0.0823977962524440    0.0005372660593292    0.0000416139087624    0.0023029757974077
  0.0840457521774929    0.0003244153492787    0.0000309723266673    0.0023490353133559
  0.0857266672210427    0.0003166348296612    0.0000299767567254    0.0023960160196230
  0.0874412005654636    0.0002826248324874    0.0000277539870436    0.0024439363400155
  0.0891900245767729    0.0002507929140992    0.0000265410249388    0.0024928150668158
  0.0891900245767729    0.0002802304126553    0.0000157602232439    0.0024790722191008
  0.0909738250683083    0.0002360859107237    0.0000131907217980    0.0025286536634828
  0.0909738250683083    0.0001783369905377    0.0000246156523362    0.0025426713681521
  0.0927933015696745    0.0001588278311825    0.0000216542847373    0.0025935247955151
  0.0927933015696745    0.0002079772296854    0.0000115682714740    0.0025792267367524
  0.0946491676010680    0.0001844850814769    0.0000230968392340    0.0026453952914254
  0.0946491676010680    0.0001548354647967    0.0000085998852293    0.0026308112714875
  0.0965421509530894    0.0001289294674809    0.0000192383998750    0.0026983031972539
  0.0965421509530894    0.0001219197360055    0.0000067779749527    0.0026834274969172
  0.0984729939721511    0.0000732095421044    0.0000160254198939    0.0027522692611990
  0.0984729939721511    0.0000957194665066    0.0000053559459336    0.0027370960468556
  0.1004424538515942    0.0000771567369408    0.0000043266181232    0.0027918379677927
  0.1024513029286260    0.0000632743708384    0.0000035650738712    0.0028476747271486
  0.1045003289871986    0.0000486277050330    0.0000027732544292    0.0029046282216915
  0.1065903355669425    0.0000329275103956    0.0000019583494134    0.0029627207861254
  0.1087221422782814    0.0000237653700093    0.0000014917162336    0.0030219752018479
  0.1108965851238470    0.0000168405401696    0.0000011689750864    0.0030824147058848
  0.1131145168263240    0.0000120587883829    0.0000008957162386    0.0031440630000025
  0.1153768071628505    0.0000083665286660    0.0000007198945183    0.0032069442600026
  0.1176843433061075    0.0000049920548305    0.0000005532723790    0.0032710831452026
  0.1200380301722296    0.0000029237980890    0.0000004292276236    0.0033365048081067
  0.1224387907756742    0.0000023019827945    0.0000004757784307    0.0034032349042688
  0.1248875665911877    0.0000026243635629    0.0000004305470291    0.0034712996023542
  0.1273853179230114    0.0000041242440586    0.0000005111880258    0.0035407255944013
  0.1299330242814717    0.0000056654294825    0.0000005775287847    0.0036115401062893
  0.1325316847671011    0.0000064879702523    0.0000005916096634    0.0036837709084151
  0.1351823184624432    0.0000078484409185    0.0000006470221607    0.0037574463265834
  0.1378859648316920    0.0000084264978899    0.0000006605209597    0.0038325952531150
  0.1406436841283258    0.0000103519606141    0.0000007764786259    0.0039092471581773
  0.1434565578108924    0.0000109879536947    0.0000007998015203    0.0039874321013409
  0.1463256889671102    0.0000129258540765    0.0000008451262665    0.0040671807433677
  0.1492522027464524    0.0000134670616800    0.0000008740024836    0.0041485243582351
  0.1522372468013815    0.0000147224827769    0.0000009448141048    0.0042314948453998
  0.1552819917374091    0.0000135232595795    0.0000008525876318    0.0043161247423078
  0.1583876315721573    0.0000131882207818    0.0000008444746728    0.0044024472371539
  0.1615553842036004    0.0000117001277295    0.0000007715001403    0.0044904961818970
  0.1647864918876724    0.0000122593501896    0.0000007869489725    0.0045803061055349
  0.1680822217254259    0.0000107139893073    0.0000007382327208    0.0046719122276456
  0.1714438661599344    0.0000084690437803    0.0000006230164121    0.0047653504721986
  0.1748727434831331    0.0000084606792677    0.0000006176764794    0.0048606574816425
  0.1783701983527958    0.0000066878003792    0.0000005346668298    0.0049578706312754
  0.1819376023198517    0.0000054334407817    0.0000004820397005    0.0050570280439009
  0.1855763543662488    0.0000044034790542    0.0000004659502646    0.0051581686047789
  0.1892878814535737    0.0000036292422788    0.0000004169789007    0.0052613319768745
  0.1930736390826452    0.0000031192125331    0.0000003534778880    0.0053665586164120
